3 0.14575 0.40830838323353297 0.051000000000000004 0.13922155688622756
3 0.24425 0.5250748502994013 0.056 0.07335329341317366
3 0.23975000000000002 0.6837574850299402 0.043000000000000003 0.06437125748502995
3 0.19225 0.7668413173652695 0.066 0.0688622754491018
3 0.43725 0.7645958083832336 0.058 0.07934131736526946
3 0.41225 0.6208832335329342 0.044 0.06437125748502995
3 0.51275 0.748877245508982 0.055 0.05389221556886228
3 0.51075 0.5752245508982037 0.051000000000000004 0.056886227544910184
3 0.50125 0.6919910179640719 0.038 0.05089820359281438
3 0.59125 0.5130988023952097 0.054 0.06137724550898204
3 0.62175 0.5886976047904192 0.055 0.08083832335329341
3 0.69425 0.5512724550898204 0.04 0.05389221556886228
3 0.73625 0.5258233532934132 0.04 0.059880239520958084
3 0.67225 0.7952844311377246 0.078 0.07185628742514971
3 0.67875 0.720434131736527 0.065 0.07485029940119761
3 0.7192500000000001 0.6575598802395209 0.08600000000000001 0.1407185628742515
3 0.78725 0.6126497005988024 0.098 0.1377245508982036
3 0.8462500000000001 0.4622005988023952 0.07 0.13323353293413173
3 0.31875000000000003 0.23914670658682635 0.041 0.04341317365269461
3 0.36675 0.39258982035928147 0.051000000000000004 0.0658682634730539
3 0.43225 0.41130239520958084 0.046 0.06437125748502995
3 0.46925 0.3372005988023952 0.052000000000000005 0.08083832335329341
3 0.56125 0.3259730538922156 0.058 0.06437125748502995
3 0.56475 0.40456586826347307 0.07100000000000001 0.07784431137724551
3 0.62375 0.36414670658682635 0.045 0.09281437125748504
3 0.67325 0.3259730538922156 0.052000000000000005 0.07934131736526946
