0 0.538875 0.4723053892215569 0.01175 0.017964071856287428
0 0.6607500000000001 0.5245134730538923 0.0225 0.027320359281437126
0 0.694875 0.4878368263473054 0.01325 0.014595808383233533
0 0.586875 0.5679266467065869 0.01675 0.03330838323353293
0 0.599125 0.6613023952095809 0.02025 0.03293413173652695
0 0.5161250000000001 0.7322230538922156 0.021750000000000002 0.022080838323353294
0 0.249625 0.5750374251497007 0.01525 0.027320359281437126
0 0.43425 0.055389221556886234 0.0135 0.02470059880239521
0 0.736125 0.2569236526946108 0.00975 0.030314371257485033
0 0.75775 0.29360029940119764 0.0145 0.04004491017964072
0 0.8658750000000001 0.8888473053892216 0.01725 0.018712574850299403
0 0.991 0.8620883233532934 0.0135 0.025823353293413176
0 0.811125 0.8873502994011977 0.01175 0.021706586826347306
0 0.73175 0.7915419161676647 0.0145 0.01721556886227545
0 0.98475 0.690681137724551 0.03 0.04603293413173653
0 0.66525 0.36826347305389223 0.007 0.009730538922155689
