3 0.29575 0.501122754491018 0.029 0.04940119760479042
3 0.41375 0.6036676646706587 0.043000000000000003 0.059880239520958084
3 0.35525 0.5183383233532934 0.032 0.038922155688622756
3 0.33325 0.44573353293413176 0.046 0.06736526946107785
3 0.37575000000000003 0.438248502994012 0.021 0.031437125748503
3 0.39975 0.4943862275449102 0.025 0.038922155688622756
3 0.25425000000000003 0.3416916167664671 0.018000000000000002 0.02095808383233533
3 0.27475 0.313997005988024 0.029 0.019461077844311378
3 0.32925 0.15830838323353294 0.03 0.0344311377245509
3 0.33625 0.24962574850299402 0.05 0.09730538922155689
3 0.32775 0.3506736526946108 0.035 0.056886227544910184
3 0.41075 0.3237275449101797 0.07100000000000001 0.07185628742514971
3 0.40075 0.1942365269461078 0.083 0.14221556886227546
3 0.49575 0.16953592814371257 0.047 0.05089820359281438
3 0.55225 0.07896706586826348 0.066 0.07634730538922156
3 0.54825 0.24288922155688625 0.018000000000000002 0.029940119760479042
3 0.51575 0.2713323353293413 0.015 0.02095808383233533
3 0.40775 0.3978293413173653 0.021 0.031437125748503
3 0.47175 0.3880988023952096 0.063 0.08083832335329341
3 0.59575 0.3027694610778443 0.035 0.062874251497006
3 0.44625000000000004 0.47717065868263475 0.028 0.040419161676646706
3 0.49625 0.5901946107784432 0.074 0.08982035928143713
3 0.48675 0.690494011976048 0.031 0.04491017964071856
3 0.5327500000000001 0.7391467065868264 0.019 0.0344311377245509
3 0.56625 0.721182634730539 0.038 0.10029940119760479
3 0.5992500000000001 0.690494011976048 0.024 0.04491017964071856
3 0.63825 0.7294161676646707 0.02 0.0658682634730539
3 0.77825 0.3184880239520958 0.064 0.06437125748502995
3 0.77825 0.375374251497006 0.028 0.0344311377245509
3 0.6677500000000001 0.31175149700598803 0.121 0.10778443113772455
3 0.61825 0.4636976047904192 0.128 0.13323353293413173
3 0.71625 0.501122754491018 0.016 0.028443113772455092
3 0.55825 0.5819610778443114 0.026000000000000002 0.04341317365269461
3 0.5972500000000001 0.5669910179640719 0.032 0.07634730538922156
3 0.64875 0.655314371257485 0.031 0.04940119760479042
3 0.64175 0.5737275449101796 0.033 0.0688622754491018
3 0.52425 0.47492514970059885 0.04 0.10479041916167665
3 0.68825 0.6530688622754491 0.016 0.05389221556886228
3 0.69875 0.7541167664670659 0.027 0.04341317365269461
3 0.7212500000000001 0.6613023952095809 0.022 0.07934131736526946
3 0.7967500000000001 0.5333083832335329 0.017 0.023952095808383235
3 0.7987500000000001 0.5864520958083833 0.021 0.037425149700598806
3 0.75125 0.6306137724550899 0.014 0.029940119760479042
3 0.76775 0.596182634730539 0.023 0.029940119760479042
3 0.77225 0.6807634730538923 0.022 0.055389221556886234
3 0.80175 0.6515718562874252 0.013000000000000001 0.02694610778443114
