2 0.40625 0.3691991017964072 0.0145 0.016841317365269462
3 0.58375 0.27432634730538924 0.057 0.08383233532934133
3 0.54525 0.7002245508982037 0.07200000000000001 0.11826347305389222
3 0.93175 0.8057634730538923 0.049 0.0658682634730539
3 0.12025 0.5415419161676647 0.032 0.04940119760479042
3 0.45775 0.719685628742515 0.065 0.08832335329341318
3 0.47325 0.3184880239520958 0.088 0.13323353293413173
3 0.44425000000000003 0.407559880239521 0.066 0.09281437125748504
3 0.26075 0.7159431137724551 0.113 0.14371257485029942
3 0.39725 0.6732784431137725 0.076 0.08233532934131738
3 0.40225 0.781062874251497 0.018000000000000002 0.031437125748503
3 0.38425 0.811751497005988 0.02 0.029940119760479042
3 0.60475 0.6650449101796407 0.021 0.04790419161676647
3 0.64825 0.3671407185628743 0.02 0.029940119760479042
3 0.68575 0.37986526946107785 0.021 0.058383233532934134
3 0.58625 0.43076347305389223 0.038 0.04341317365269461
3 0.33725 0.5445359281437127 0.03 0.040419161676646706
3 0.34175 0.39258982035928147 0.097 0.1317365269461078
3 0.59175 0.5086077844311377 0.043000000000000003 0.06137724550898204
3 0.63325 0.5280688622754491 0.024 0.0344311377245509
3 0.53625 0.5572604790419162 0.036000000000000004 0.08682634730538923
1 0.67975 0.5819610778443114 0.111 0.2410179640718563
1 0.458 0.9790419161676648 0.0275 0.04116766467065869
3 0.43175 0.18675149700598803 0.133 0.12125748502994013
1 0.05225 0.5160928143712575 0.074 0.09131736526946109
