3 0.70025 0.5351796407185629 0.0195 0.0344311377245509
3 0.50025 0.3686377245508982 0.022 0.02694610778443114
3 0.44875 0.39109281437125754 0.019 0.017964071856287428
3 0.45825 0.3663922155688623 0.018000000000000002 0.02245508982035928
3 0.47225 0.3282185628742515 0.01 0.011976047904191617
3 0.47525 0.3626497005988024 0.01 0.02095808383233533
3 0.46375 0.44049401197604793 0.025 0.05389221556886228
3 0.44725000000000004 0.46519461077844315 0.01 0.016467065868263474
3 0.42675 0.5123502994011976 0.023 0.04491017964071856
3 0.51425 0.31175149700598803 0.012 0.038922155688622756
3 0.52425 0.3469311377245509 0.01 0.01347305389221557
3 0.51925 0.3843562874251497 0.022 0.02544910179640719
3 0.55675 0.36564371257485034 0.013000000000000001 0.014970059880239521
3 0.44975 0.5288173652694611 0.017 0.017964071856287428
3 0.48475 0.8529191616766467 0.029 0.04940119760479042
3 0.44875 0.8596556886227545 0.017 0.014970059880239521
3 0.37925000000000003 0.7511227544910181 0.08 0.10029940119760479
3 0.35675 0.596931137724551 0.021 0.016467065868263474
3 0.14125000000000001 0.7256736526946108 0.018000000000000002 0.016467065868263474
1 0.13225 0.87687125748503 0.036000000000000004 0.07035928143712575
3 0.15875 0.6875 0.013000000000000001 0.014970059880239521
3 0.19975 0.656811377245509 0.013000000000000001 0.016467065868263474
3 0.28625 0.658308383233533 0.016 0.016467065868263474
3 0.28775 0.6291167664670659 0.019 0.014970059880239521
3 0.32475 0.6006736526946108 0.011 0.014970059880239521
3 0.25125000000000003 0.5842065868263473 0.01 0.008982035928143714
3 0.28075 0.5879491017964072 0.011 0.016467065868263474
3 0.22775 0.7279191616766467 0.023 0.02694610778443114
3 0.17775 0.7443862275449102 0.011 0.011976047904191617
3 0.18725 0.781062874251497 0.01 0.019461077844311378
3 0.21275 0.7892964071856288 0.025 0.023952095808383235
3 0.20425000000000001 0.7608532934131736 0.016 0.011976047904191617
3 0.40225 0.6388473053892216 0.092 0.10029940119760479
3 0.39325 0.4659431137724551 0.012 0.011976047904191617
3 0.40875 0.4622005988023952 0.011 0.01347305389221557
3 0.55525 0.3252245508982036 0.03 0.035928143712574856
3 0.56075 0.25187125748503 0.011 0.014970059880239521
3 0.93675 0.25636227544910184 0.025 0.04191616766467066
3 0.63275 0.7151946107784432 0.049 0.058383233532934134
3 0.66925 0.4921407185628743 0.024 0.031437125748503
3 0.65475 0.6163922155688624 0.041 0.040419161676646706
3 0.56725 0.5886976047904192 0.038 0.08083832335329341
3 0.31425000000000003 0.5557634730538923 0.02 0.02694610778443114
3 0.26275 0.6545658682634731 0.011 0.014970059880239521
3 0.27975 0.7136976047904192 0.011 0.01347305389221557
3 0.32675 0.4876497005988024 0.013000000000000001 0.01347305389221557
3 0.5972500000000001 0.3319610778443114 0.012 0.019461077844311378
3 0.39725 0.5018712574850299 0.012 0.014970059880239521
3 0.36825 0.5452844311377246 0.012 0.023952095808383235
3 0.38325000000000004 0.5363023952095809 0.012 0.014970059880239521
3 0.23275 0.3828592814371258 0.089 0.06437125748502995
