3 0.31375000000000003 0.3948353293413174 0.039 0.07335329341317366
3 0.37525000000000003 0.4015718562874252 0.05 0.09281437125748504
3 0.13725 0.5602544910179641 0.098 0.0658682634730539
3 0.28125 0.5789670658682635 0.076 0.07035928143712575
3 0.37975000000000003 0.6500748502994013 0.075 0.07185628742514971
3 0.61525 0.3948353293413174 0.054 0.07634730538922156
3 0.50775 0.6815119760479043 0.041 0.07185628742514971
3 0.61875 0.7616017964071857 0.049 0.06736526946107785
3 0.46025 0.5183383233532934 0.12 0.10778443113772455
3 0.46175 0.720434131736527 0.035 0.07185628742514971
1 0.76775 0.6687874251497007 0.081 0.1541916167664671
