3 0.25675 0.4741766467065869 0.107 0.13323353293413173
3 0.38725 0.29752994011976047 0.074 0.11526946107784432
3 0.39025 0.4599550898203593 0.10200000000000001 0.18862275449101798
3 0.37375 0.6171407185628743 0.033 0.05389221556886228
3 0.48425 0.3005239520958084 0.05 0.06736526946107785
3 0.54925 0.30800898203592814 0.05 0.08233532934131738
3 0.60475 0.2690868263473054 0.047 0.08233532934131738
3 0.74175 0.26833832335329344 0.025 0.056886227544910184
3 0.63375 0.35217065868263475 0.027 0.04191616766467066
3 0.52075 0.3783682634730539 0.081 0.06437125748502995
3 0.69975 0.35217065868263475 0.021 0.035928143712574856
3 0.73975 0.3409431137724551 0.023 0.040419161676646706
3 0.83075 0.30501497005988026 0.033 0.028443113772455092
3 0.7947500000000001 0.40531437125748504 0.037 0.06137724550898204
3 0.75025 0.40306886227544914 0.02 0.02694610778443114
3 0.82025 0.5048652694610779 0.14200000000000002 0.11377245508982037
3 0.74075 0.530314371257485 0.053 0.10778443113772455
3 0.71075 0.6433383233532934 0.047 0.06137724550898204
3 0.76575 0.6298652694610779 0.053 0.06137724550898204
3 0.53125 0.564745508982036 0.156 0.2574850299401198
3 0.63125 0.6680389221556886 0.032 0.04191616766467066
3 0.66025 0.5490269461077845 0.11 0.18712574850299402
