3 0.64725 0.5842065868263473 0.1015 0.187874251497006
3 0.754625 0.48053892215568866 0.04575 0.038922155688622756
3 0.7947500000000001 0.5432260479041916 0.043500000000000004 0.06699101796407186
2 0.20225 0.7539296407185629 0.0195 0.03255988023952096
3 0.45675 0.19498502994011976 0.0305 0.047155688622754495
3 0.38225000000000003 0.24625748502994013 0.077 0.07485029940119761
0 0.31625000000000003 0.09842814371257486 0.012 0.028443113772455092
3 0.84025 0.5490269461077845 0.026000000000000002 0.04640718562874252
3 0.87875 0.5744760479041916 0.027 0.031437125748503
3 0.02775 0.6291167664670659 0.053 0.08682634730538923
3 0.09625 0.7039670658682635 0.07 0.09580838323353294
3 0.09375 0.8327095808383234 0.033 0.09580838323353294
3 0.21275 0.7705838323353293 0.137 0.11826347305389222
3 0.22287500000000002 0.9797904191616768 0.035250000000000004 0.03967065868263473
3 0.19175 0.8910928143712575 0.035 0.04191616766467066
