0 0.368875 0.313061377245509 0.035750000000000004 0.022829341317365272
0 0.4805 0.2758233532934132 0.0625 0.02544910179640719
0 0.4035 0.3473053892215569 0.025 0.037425149700598806
0 0.437625 0.3104416167664671 0.02675 0.022829341317365272
0 0.537125 0.561564371257485 0.05275 0.06549401197604791
0 0.3835 0.47136976047904194 0.026000000000000002 0.04004491017964072
0 0.321875 0.6532559880239521 0.02225 0.04303892215568862
0 0.217 0.784805389221557 0.0445 0.04940119760479042
0 0.32375 0.8297155688622755 0.0385 0.0344311377245509
0 0.27025 0.877994011976048 0.0145 0.031437125748503
0 0.242375 0.8534805389221557 0.01625 0.02881736526946108
0 0.192875 0.8830464071856288 0.01725 0.02133233532934132
0 0.123625 0.8959580838323354 0.01725 0.018712574850299403
0 0.16875 0.8903443113772456 0.0115 0.035928143712574856
