0 0.3115 0.3912799401197605 0.0125 0.012350299401197605
0 0.44925 0.4258982035928144 0.013000000000000001 0.02320359281437126
0 0.48875 0.4094311377245509 0.006500000000000001 0.020209580838323353
0 0.488375 0.45003742514970063 0.010750000000000001 0.018338323353293415
0 0.20350000000000001 0.6351047904191617 0.021 0.014970059880239521
0 0.708375 0.6184505988023953 0.00925 0.018338323353293415
0 0.631 0.6038547904191617 0.0075 0.013098802395209582
0 0.066125 0.2282934131736527 0.017750000000000002 0.02694610778443114
0 0.142875 0.689558383233533 0.00775 0.025823353293413176
0 0.11737500000000001 0.2784431137724551 0.01625 0.018712574850299403
