3 0.499375 0.7660928143712575 0.00625 0.01122754491017964
3 0.505875 0.7954715568862276 0.01225 0.022080838323353294
3 0.520875 0.7977170658682635 0.00875 0.012350299401197605
3 0.53225 0.8081961077844312 0.007 0.016841317365269462
0 0.038625 0.5080464071856288 0.01825 0.02881736526946108
0 0.056875 0.5707335329341318 0.01625 0.018712574850299403
0 0.13475 0.7750748502994013 0.0125 0.012724550898203594
0 0.641875 0.40306886227544914 0.01525 0.020209580838323353
0 0.69675 0.8255988023952097 0.0115 0.0157185628742515
3 0.45925 0.3691991017964072 0.0405 0.04453592814371258
3 0.35375 0.596931137724551 0.039 0.07634730538922156
3 0.25225000000000003 0.45770958083832336 0.052000000000000005 0.04341317365269461
3 0.09025 0.281811377245509 0.024 0.035928143712574856
3 0.06825 0.10366766467065869 0.034 0.0688622754491018
3 0.59775 0.6657934131736527 0.049 0.04341317365269461
3 0.57725 0.748877245508982 0.022 0.05089820359281438
3 0.5992500000000001 0.7069610778443114 0.04 0.038922155688622756
3 0.64825 0.6875 0.02 0.04491017964071856
3 0.59875 0.8035179640718564 0.023 0.040419161676646706
3 0.57075 0.8282185628742516 0.013000000000000001 0.02694610778443114
3 0.62775 0.81624251497006 0.027 0.062874251497006
3 0.63375 0.7683383233532934 0.029 0.02095808383233533
3 0.66625 0.8184880239520959 0.04 0.05239520958083833
3 0.6597500000000001 0.5849550898203593 0.023 0.031437125748503
3 0.69775 0.5325598802395209 0.017 0.02245508982035928
