3 0.94475 0.6294910179640719 0.039 0.059880239520958084
3 0.599125 0.32690868263473055 0.07175000000000001 0.1283682634730539
3 0.77675 0.4041916167664671 0.075 0.13997005988023953
3 0.15325 0.6725299401197605 0.078 0.0688622754491018
3 0.23125 0.6403443113772456 0.046 0.06736526946107785
3 0.29475 0.6119011976047904 0.075 0.09431137724550899
3 0.34725 0.7256736526946108 0.034 0.04640718562874252
3 0.39475 0.5954341317365269 0.067 0.06736526946107785
3 0.48825 0.5625 0.08 0.04640718562874252
3 0.44325000000000003 0.4539670658682635 0.042 0.04491017964071856
3 0.56525 0.5804640718562875 0.04 0.037425149700598806
3 0.63525 0.5572604790419162 0.044 0.056886227544910184
3 0.68775 0.5759730538922156 0.039 0.037425149700598806
3 0.74825 0.5886976047904192 0.034 0.035928143712574856
3 0.82525 0.5916916167664671 0.07 0.035928143712574856
