3 0.10975 0.4539670658682635 0.033 0.04790419161676647
3 0.11475 0.40905688622754494 0.023 0.017964071856287428
3 0.18475 0.41429640718562877 0.031 0.031437125748503
3 0.14825 0.2039670658682635 0.016 0.04790419161676647
3 0.09125 0.16055389221556887 0.016 0.04191616766467066
3 0.16125 0.14782934131736528 0.014 0.040419161676646706
3 0.41475 0.08046407185628743 0.089 0.058383233532934134
3 0.40925 0.4839071856287425 0.03 0.04790419161676647
3 0.31875000000000003 0.4794161676646707 0.031 0.035928143712574856
3 0.47475 0.34992514970059885 0.055 0.08832335329341318
3 0.50975 0.8349550898203594 0.027 0.02544910179640719
3 0.53925 0.7316616766467067 0.018000000000000002 0.02544910179640719
3 0.53625 0.7750748502994013 0.024 0.037425149700598806
3 0.78625 0.7630988023952097 0.028 0.06736526946107785
1 0.8442500000000001 0.7398952095808383 0.058 0.09281437125748504
3 0.74875 0.6957335329341318 0.015 0.0344311377245509
3 0.7322500000000001 0.6074101796407186 0.028 0.031437125748503
3 0.64225 0.4000748502994012 0.03 0.03293413173652695
3 0.49125 0.6014221556886228 0.018000000000000002 0.031437125748503
3 0.49175 0.7294161676646707 0.023 0.04191616766467066
3 0.44275000000000003 0.6725299401197605 0.011 0.02095808383233533
3 0.69525 0.5400449101796407 0.016 0.0344311377245509
3 0.77925 0.468188622754491 0.016 0.019461077844311378
3 0.74375 0.42776946107784436 0.027 0.02245508982035928
3 0.23275 0.10142215568862276 0.015 0.0344311377245509
3 0.60175 0.17926646706586827 0.079 0.09730538922155689
3 0.65125 0.29154191616766467 0.122 0.1631736526946108
3 0.7222500000000001 0.2601047904191617 0.03 0.040419161676646706
3 0.76925 0.31175149700598803 0.028 0.03293413173652695
3 0.46875 0.8065119760479043 0.019 0.05239520958083833
3 0.23625000000000002 0.23690119760479042 0.044 0.04191616766467066
