0 0.30312500000000003 0.38716317365269465 0.025750000000000002 0.03480538922155689
0 0.432625 0.37125748502994016 0.025750000000000002 0.023952095808383235
0 0.579125 0.38398203592814373 0.03125 0.04116766467065869
0 0.69375 0.4913922155688623 0.0285 0.05613772455089821
0 0.16825 0.5056137724550899 0.07050000000000001 0.05763473053892216
0 0.23625000000000002 0.4627619760479042 0.083 0.060254491017964075
0 0.3915 0.44928892215568866 0.0205 0.028068862275449104
0 0.47150000000000003 0.6145209580838323 0.025 0.040419161676646706
0 0.46175 0.6860029940119761 0.025 0.038922155688622756
0 0.160375 0.562312874251497 0.01525 0.02133233532934132
0 0.51925 0.39876497005988026 0.015 0.022829341317365272
