0 0.15637500000000001 0.26160179640718567 0.01325 0.0157185628742515
0 0.1615 0.19068113772455092 0.0105 0.013847305389221558
0 0.295125 0.20508982035928144 0.01175 0.018712574850299403
0 0.449125 0.06399700598802395 0.02625 0.02470059880239521
0 0.48562500000000003 0.10703592814371259 0.01375 0.021706586826347306
0 0.47025 0.12406437125748504 0.0145 0.02657185628742515
0 0.47975 0.313435628742515 0.0165 0.02657185628742515
0 0.659375 0.1753368263473054 0.01375 0.022829341317365272
0 0.755 0.374812874251497 0.0145 0.023577844311377247
0 0.6451250000000001 0.3783682634730539 0.01975 0.028443113772455092
0 0.729375 0.45565119760479045 0.02225 0.029565868263473054
0 0.507625 0.41878742514970063 0.01725 0.02470059880239521
0 0.53625 0.4472305389221557 0.019 0.03667664670658683
0 0.5195 0.49064371257485034 0.017 0.028443113772455092
0 0.606625 0.468375748502994 0.02825 0.03929640718562875
0 0.698375 0.500561377245509 0.01575 0.020583832335329344
0 0.6975 0.6044161676646707 0.0165 0.02544910179640719
0 0.38025000000000003 0.6521332335329342 0.0165 0.016841317365269462
0 0.215625 0.6846931137724551 0.01575 0.020583832335329344
0 0.127 0.688997005988024 0.0085 0.0157185628742515
0 0.626125 0.4476047904191617 0.01725 0.021706586826347306
0 0.98475 0.749251497005988 0.0125 0.018712574850299403
