3 0.51375 0.5383607784431138 0.638 0.6979790419161677
3 0.3545 0.048652694610778445 0.0305 0.06362275449101797
3 0.7977500000000001 0.16205089820359284 0.021 0.023952095808383235
3 0.87625 0.13884730538922158 0.026000000000000002 0.04640718562874252
3 0.8632500000000001 0.07896706586826348 0.02 0.028443113772455092
3 0.84125 0.027320359281437126 0.018000000000000002 0.014970059880239521
3 0.90625 0.060254491017964075 0.02 0.02694610778443114
3 0.8995 0.015157185628742516 0.0365 0.030314371257485033
3 0.93725 0.028068862275449104 0.02 0.02544910179640719
3 0.9257500000000001 0.12612275449101798 0.017 0.02095808383233533
3 0.93175 0.09767964071856287 0.017 0.014970059880239521
3 0.93725 0.058757485029940125 0.028 0.029940119760479042
3 0.976125 0.007672155688622755 0.017750000000000002 0.01534431137724551
3 0.88375 0.7668413173652695 0.113 0.45808383233532934
