3 0.42225 0.6201347305389222 0.4 0.37724550898203596
3 0.50575 0.815494011976048 0.039 0.058383233532934134
3 0.6627500000000001 0.6328592814371258 0.025 0.04940119760479042
3 0.59075 0.7159431137724551 0.043000000000000003 0.05389221556886228
3 0.63425 0.7683383233532934 0.05 0.07185628742514971
3 0.68425 0.69124251497006 0.032 0.12125748502994013
3 0.64875 0.500374251497006 0.029 0.04790419161676647
3 0.75975 0.5265718562874252 0.029 0.0344311377245509
3 0.79025 0.5602544910179641 0.022 0.04790419161676647
3 0.42575 0.2885479041916168 0.057 0.06736526946107785
3 0.22225 0.3349550898203593 0.038 0.07634730538922156
3 0.17175 0.2630988023952096 0.061 0.07035928143712575
3 0.22825 0.16729041916167667 0.038 0.08532934131736528
3 0.32625 0.10815868263473055 0.058 0.10179640718562875
3 0.28975 0.21220059880239522 0.097 0.10029940119760479
3 0.345625 0.02413922155688623 0.03875 0.04827844311377246
3 0.6607500000000001 0.27058383233532934 0.035 0.0344311377245509
3 0.57625 0.3372005988023952 0.03 0.059880239520958084
3 0.61575 0.31474550898203596 0.043000000000000003 0.07185628742514971
3 0.59275 0.25112275449101795 0.031 0.040419161676646706
3 0.60375 0.18600299401197606 0.025 0.04790419161676647
3 0.72375 0.17926646706586827 0.039 0.055389221556886234
3 0.71125 0.7720808383233534 0.032 0.06137724550898204
3 0.80875 0.6201347305389222 0.031 0.04491017964071856
