3 0.3845 0.6914296407185629 0.0555 0.0407934131736527
3 0.09725 0.5063622754491018 0.028 0.04491017964071856
3 0.15325 0.4981287425149701 0.05 0.058383233532934134
3 0.19025 0.7645958083832336 0.018000000000000002 0.04940119760479042
3 0.17825 0.42702095808383234 0.028 0.056886227544910184
3 0.29775 0.4285179640718563 0.029 0.035928143712574856
3 0.38525 0.5168413173652695 0.044 0.062874251497006
3 0.47825 0.5168413173652695 0.048 0.10479041916167665
3 0.52125 0.4876497005988024 0.034 0.06437125748502995
3 0.47175 0.3806137724550898 0.035 0.04790419161676647
3 0.53025 0.27357784431137727 0.034 0.040419161676646706
3 0.60975 0.41878742514970063 0.035 0.04640718562874252
3 0.69475 0.4824101796407186 0.057 0.05089820359281438
3 0.70775 0.5400449101796407 0.035 0.037425149700598806
3 0.77775 0.564745508982036 0.035 0.05389221556886228
3 0.85975 0.6081586826347306 0.041 0.10479041916167665
3 0.86625 0.6934880239520959 0.016 0.03293413173652695
3 0.69975 0.7997754491017964 0.063 0.062874251497006
