3 0.07375 0.9614520958083833 0.037 0.05389221556886228
3 0.13525 0.5864520958083833 0.076 0.07335329341317366
3 0.22325 0.6036676646706587 0.06 0.0658682634730539
3 0.22425 0.4816616766467066 0.10400000000000001 0.10029940119760479
3 0.29775 0.5243263473053893 0.019 0.03293413173652695
3 0.26825 0.28779940119760483 0.036000000000000004 0.0688622754491018
3 0.39175 0.29378742514970063 0.019 0.062874251497006
3 0.46125 0.27732035928143717 0.018000000000000002 0.038922155688622756
3 0.54325 0.24812874251497008 0.056 0.055389221556886234
3 0.58975 0.22791916167664672 0.017 0.04191616766467066
3 0.63775 0.20247005988023953 0.023 0.035928143712574856
3 0.61525 0.27208083832335334 0.026000000000000002 0.040419161676646706
3 0.6002500000000001 0.4292664670658683 0.026000000000000002 0.040419161676646706
3 0.62825 0.38660179640718567 0.032 0.04191616766467066
3 0.6617500000000001 0.40232035928143717 0.029 0.037425149700598806
3 0.6657500000000001 0.344685628742515 0.019 0.038922155688622756
3 0.35125 0.40232035928143717 0.042 0.12125748502994013
3 0.43425 0.46519461077844315 0.11 0.09431137724550899
3 0.40525 0.3948353293413174 0.048 0.06137724550898204
3 0.43775000000000003 0.3409431137724551 0.065 0.09131736526946109
3 0.49475 0.35815868263473055 0.043000000000000003 0.059880239520958084
