3 0.12875 0.7758233532934132 0.029 0.035928143712574856
3 0.14325000000000002 0.7376497005988024 0.024 0.028443113772455092
3 0.010625 0.7576721556886228 0.02125 0.060254491017964075
3 0.01375 0.7084580838323353 0.013000000000000001 0.02095808383233533
3 0.059750000000000004 0.780314371257485 0.063 0.07784431137724551
3 0.19325 0.8035179640718564 0.024 0.0344311377245509
3 0.19075 0.3708832335329342 0.027 0.040419161676646706
3 0.13475 0.20920658682634732 0.025 0.037425149700598806
3 0.13375 0.2690868263473054 0.023 0.04640718562874252
3 0.21475 0.17402694610778444 0.061 0.07784431137724551
3 0.21325 0.30726047904191617 0.034 0.05389221556886228
3 0.25375000000000003 0.3357035928143713 0.047 0.07485029940119761
3 0.26075 0.26160179640718567 0.025 0.04640718562874252
3 0.30475 0.22417664670658685 0.045 0.1541916167664671
3 0.39925 0.12462574850299402 0.044 0.0658682634730539
3 0.36575 0.23016467065868265 0.043000000000000003 0.031437125748503
3 0.37975000000000003 0.27956586826347307 0.027 0.0344311377245509
3 0.35475 0.29154191616766467 0.011 0.02245508982035928
3 0.32425 0.36564371257485034 0.016 0.02694610778443114
3 0.29875 0.407559880239521 0.019 0.02095808383233533
3 0.39625 0.48315868263473055 0.066 0.055389221556886234
3 0.41575 0.375374251497006 0.031 0.037425149700598806
3 0.37425 0.6006736526946108 0.032 0.0688622754491018
3 0.46325 0.3858532934131737 0.028 0.037425149700598806
3 0.42525 0.42627245508982037 0.018000000000000002 0.0344311377245509
3 0.45475 0.24513473053892218 0.033 0.031437125748503
3 0.44825 0.1500748502994012 0.016 0.023952095808383235
3 0.45775 0.1852544910179641 0.019 0.02544910179640719
3 0.48025 0.1845059880239521 0.012 0.017964071856287428
3 0.48625 0.3372005988023952 0.02 0.04790419161676647
3 0.52425 0.18974550898203593 0.018000000000000002 0.02544910179640719
3 0.5427500000000001 0.16803892215568864 0.015 0.02095808383233533
3 0.51025 0.5101047904191617 0.034 0.08532934131736528
3 0.59225 0.5827095808383234 0.018000000000000002 0.035928143712574856
3 0.59875 0.37986526946107785 0.017 0.037425149700598806
3 0.61925 0.3791167664670659 0.014 0.02095808383233533
3 0.6022500000000001 0.4217814371257485 0.016 0.02544910179640719
3 0.67525 0.3222305389221557 0.024 0.04790419161676647
3 0.56025 0.34244011976047906 0.012 0.02245508982035928
