3 0.4465 0.10722305389221558 0.075 0.06324850299401198
3 0.18575 0.5752245508982037 0.051000000000000004 0.07485029940119761
3 0.27325 0.5789670658682635 0.064 0.040419161676646706
3 0.13075 0.5580089820359282 0.031 0.04640718562874252
3 0.28475 0.6777694610778443 0.065 0.08233532934131738
3 0.34825 0.6358532934131736 0.092 0.040419161676646706
3 0.37025 0.7009730538922156 0.056 0.056886227544910184
3 0.46325 0.6702844311377246 0.044 0.04940119760479042
3 0.42475 0.7166916167664671 0.041 0.08532934131736528
3 0.32575 0.5160928143712575 0.061 0.04341317365269461
3 0.42975 0.5101047904191617 0.089 0.058383233532934134
3 0.51225 0.6186377245508983 0.054 0.11676646706586827
3 0.52525 0.7616017964071857 0.034 0.0344311377245509
3 0.46125 0.7361526946107785 0.022 0.028443113772455092
3 0.58475 0.6395958083832336 0.033 0.059880239520958084
3 0.56875 0.7346556886227545 0.021 0.04341317365269461
3 0.62975 0.7668413173652695 0.051000000000000004 0.05389221556886228
3 0.62925 0.6104041916167665 0.052000000000000005 0.037425149700598806
3 0.78425 0.5595059880239521 0.08600000000000001 0.13622754491017966
3 0.80175 0.6979790419161677 0.065 0.07185628742514971
3 0.71575 0.6949850299401198 0.041 0.0658682634730539
3 0.66825 0.690494011976048 0.024 0.035928143712574856
3 0.84575 0.5894461077844312 0.031 0.05239520958083833
3 0.71475 0.7907934131736527 0.079 0.05389221556886228
