0 0.28800000000000003 0.565681137724551 0.017 0.028068862275449104
0 0.3585 0.7015344311377246 0.0115 0.02133233532934132
0 0.4295 0.752806886227545 0.0125 0.017589820359281437
0 0.600375 0.7095808383233534 0.01175 0.0157185628742515
0 0.36362500000000003 0.8570359281437127 0.01975 0.02245508982035928
0 0.69675 0.8761227544910181 0.015 0.0157185628742515
0 0.198125 0.6452095808383234 0.01125 0.016467065868263474
0 0.1975 0.3104416167664671 0.0125 0.016841317365269462
0 0.383625 0.9229041916167665 0.02825 0.02470059880239521
0 0.179625 0.8712574850299402 0.017750000000000002 0.02544910179640719
0 0.881 0.4822230538922156 0.01 0.019835329341317365
0 0.5015000000000001 0.043974550898203596 0.021 0.024326347305389222
0 0.468875 0.10366766467065869 0.01525 0.020209580838323353
0 0.819375 0.09000748502994013 0.00875 0.013098802395209582
0 0.7186250000000001 0.00785928143712575 0.01175 0.0157185628742515
0 0.923125 0.018712574850299403 0.00675 0.01122754491017964
2 0.49162500000000003 0.9820359281437127 0.01875 0.011976047904191617
0 0.06025 0.971556886227545 0.023 0.037425149700598806
0 0.003625 0.6949850299401198 0.00725 0.031437125748503
0 0.073625 0.5894461077844312 0.00975 0.02470059880239521
0 0.14675 0.9844685628742516 0.0115 0.025823353293413176
