3 0.79825 0.5550149700598803 0.076 0.11826347305389222
3 0.49675 0.5108532934131736 0.053 0.08383233532934133
1 0.09675 0.5048652694610779 0.133 0.062874251497006
3 0.49175 0.1912425149700599 0.065 0.12125748502994013
3 0.57625 0.2556137724550898 0.052000000000000005 0.1032934131736527
3 0.56375 0.13959580838323354 0.039 0.07485029940119761
3 0.63725 0.14184131736526948 0.052000000000000005 0.07934131736526946
3 0.63175 0.23764970059880242 0.027 0.1032934131736527
3 0.67975 0.23615269461077845 0.035 0.06736526946107785
3 0.67125 0.38735029940119764 0.02 0.04341317365269461
3 0.63425 0.5729790419161677 0.05 0.05239520958083833
3 0.40575 0.5093562874251497 0.037 0.04491017964071856
3 0.41275 0.593937125748503 0.057 0.058383233532934134
3 0.37425 0.28929640718562877 0.05 0.07185628742514971
