3 0.27375 0.38959580838323354 0.091 0.10778443113772455
3 0.22325 0.26085329341317365 0.036000000000000004 0.05389221556886228
3 0.11775000000000001 0.3918413173652695 0.023 0.0344311377245509
3 0.26475 0.5295658682634731 0.037 0.055389221556886234
3 0.44275000000000003 0.41279940119760483 0.027 0.07035928143712575
3 0.36075 0.43375748502994016 0.023 0.04341317365269461
3 0.49475 0.41130239520958084 0.029 0.040419161676646706
3 0.57175 0.27806886227544914 0.073 0.08832335329341318
3 0.50475 0.32297904191616766 0.017 0.031437125748503
3 0.47475 0.17402694610778444 0.019 0.02694610778443114
3 0.42475 0.5587574850299402 0.033 0.059880239520958084
3 0.49025 0.499625748502994 0.024 0.040419161676646706
3 0.52825 0.5273203592814372 0.066 0.07485029940119761
3 0.62725 0.4913922155688623 0.028 0.029940119760479042
3 0.64125 0.38735029940119764 0.018000000000000002 0.031437125748503
3 0.64325 0.593937125748503 0.018000000000000002 0.02544910179640719
3 0.68975 0.6119011976047904 0.037 0.06437125748502995
1 0.75675 0.565494011976048 0.047 0.09431137724550899
