0 0.144625 0.2471931137724551 0.02325 0.0407934131736527
0 0.232875 0.16205089820359284 0.03225 0.029940119760479042
0 0.14725 0.10610029940119761 0.025 0.028068862275449104
0 0.083125 0.15943113772455092 0.01425 0.02544910179640719
0 0.1625 0.04977544910179641 0.009000000000000001 0.01721556886227545
0 0.65625 0.33252245508982037 0.018000000000000002 0.03181137724550898
0 0.610375 0.5041167664670659 0.01875 0.02544910179640719
0 0.675 0.49008233532934137 0.0125 0.016092814371257487
0 0.7635000000000001 0.46145209580838326 0.0125 0.01721556886227545
0 0.736625 0.5456586826347306 0.01625 0.020209580838323353
0 0.679125 0.6298652694610779 0.01525 0.02245508982035928
0 0.768375 0.6178892215568863 0.01525 0.020209580838323353
0 0.60275 0.8510479041916168 0.016 0.018712574850299403
0 0.831375 0.7034056886227545 0.010750000000000001 0.012350299401197605
0 0.113875 0.3705089820359282 0.01175 0.01721556886227545
0 0.123625 0.46744011976047906 0.01525 0.029191616766467067
0 0.047375 0.5810254491017964 0.01425 0.029565868263473054
0 0.146875 0.5729790419161677 0.01325 0.018712574850299403
0 0.210375 0.6753368263473054 0.01525 0.019835329341317365
0 0.249625 0.6420284431137725 0.01325 0.014595808383233533
0 0.442375 0.024326347305389222 0.01525 0.01721556886227545
0 0.45725 0.062125748502994016 0.018000000000000002 0.023952095808383235
0 0.141125 0.720247005988024 0.01425 0.02133233532934132
0 0.0665 0.7275449101796407 0.0115 0.01721556886227545
0 0.33525 0.41523203592814373 0.008 0.016841317365269462
0 0.387625 0.13997005988023953 0.00825 0.016467065868263474
0 0.35675 0.28386976047904194 0.009000000000000001 0.016092814371257487
0 0.207125 0.219498502994012 0.01325 0.01534431137724551
0 0.176 0.48072604790419166 0.019 0.025074850299401198
0 0.191 0.32690868263473055 0.012 0.023577844311377247
0 0.21975 0.26665419161676646 0.0185 0.03480538922155689
0 0.18887500000000002 0.19311377245508984 0.01625 0.023952095808383235
0 0.249875 0.3282185628742515 0.01175 0.01721556886227545
0 0.29225 0.31736526946107785 0.0115 0.019461077844311378
0 0.27875 0.2593562874251497 0.0095 0.018712574850299403
0 0.49075 0.40625 0.021 0.02657185628742515
0 0.483625 0.33439371257485034 0.00725 0.017589820359281437
0 0.46337500000000004 0.4015718562874252 0.00875 0.018712574850299403
0 0.42025 0.4157934131736527 0.0085 0.01721556886227545
0 0.38425 0.3948353293413174 0.0095 0.017964071856287428
0 0.32175 0.28330838323353297 0.015 0.026197604790419163
0 0.128625 0.2999625748502994 0.01425 0.028068862275449104
0 0.27075 0.909805389221557 0.0145 0.023952095808383235
