3 0.0225 0.9509730538922156 0.04 0.055389221556886234
3 0.26475 0.5819610778443114 0.061 0.1032934131736527
3 0.36125 0.6470808383233533 0.08600000000000001 0.11676646706586827
3 0.41725 0.4973802395209581 0.074 0.11077844311377247
3 0.46075 0.5744760479041916 0.061 0.040419161676646706
3 0.64525 0.5370508982035929 0.062 0.06736526946107785
3 0.7222500000000001 0.6336077844311377 0.044 0.10179640718562875
3 0.71625 0.39333832335329344 0.082 0.1032934131736527
3 0.55775 0.46893712574850305 0.047 0.0688622754491018
3 0.48275 0.4232784431137725 0.043000000000000003 0.08832335329341318
3 0.42975 0.374625748502994 0.019 0.04191616766467066
3 0.35125 0.39633233532934137 0.07200000000000001 0.1092814371257485
3 0.21825 0.5183383233532934 0.048 0.08682634730538923
3 0.28875 0.3372005988023952 0.049 0.07185628742514971
3 0.32225 0.2630988023952096 0.088 0.13023952095808383
3 0.0665 0.9917664670658684 0.0245 0.0157185628742515
3 0.19175 0.906062874251497 0.027 0.04790419161676647
3 0.16925 0.9644461077844312 0.028 0.04191616766467066
3 0.19625 0.9502245508982037 0.012 0.02245508982035928
3 0.21725 0.9547155688622755 0.018000000000000002 0.02245508982035928
3 0.13775 0.8813622754491018 0.067 0.08832335329341318
3 0.49925 0.718937125748503 0.082 0.09281437125748504
3 0.6022500000000001 0.5954341317365269 0.082 0.1601796407185629
3 0.87225 0.5175898203592815 0.1 0.09730538922155689
3 0.65075 0.4539670658682635 0.055 0.08682634730538923
3 0.7322500000000001 0.4569610778443114 0.05 0.0688622754491018
