3 0.537625 0.11863772455089822 0.04675 0.09281437125748504
3 0.573125 0.03798652694610779 0.04575 0.07148203592814371
3 0.483625 0.02638473053892216 0.04825 0.05276946107784432
3 0.385 0.01815119760479042 0.048 0.03630239520958084
3 0.28525 0.08720059880239521 0.07200000000000001 0.07185628742514971
3 0.26975 0.5550149700598803 0.069 0.06137724550898204
3 0.30875 0.6141467065868264 0.037 0.056886227544910184
3 0.33675 0.4636976047904192 0.067 0.07634730538922156
3 0.28875 0.31474550898203596 0.049 0.056886227544910184
3 0.36275 0.3065119760479042 0.029 0.07335329341317366
3 0.40575 0.35591317365269465 0.041 0.07035928143712575
3 0.43425 0.48914670658682635 0.036000000000000004 0.040419161676646706
3 0.43725 0.6463323353293413 0.016 0.028443113772455092
3 0.47475 0.5752245508982037 0.019 0.035928143712574856
3 0.57325 0.6163922155688624 0.058 0.13023952095808383
3 0.65475 0.6231287425149701 0.043000000000000003 0.056886227544910184
3 0.63675 0.7017215568862276 0.059000000000000004 0.06437125748502995
3 0.71975 0.5669910179640719 0.109 0.11227544910179642
3 0.58825 0.4951347305389222 0.08 0.07335329341317366
3 0.55625 0.4345059880239521 0.042 0.059880239520958084
3 0.48325 0.41205089820359286 0.018000000000000002 0.02095808383233533
3 0.47625 0.31474550898203596 0.02 0.038922155688622756
3 0.51875 0.28330838323353297 0.039 0.08083832335329341
3 0.55525 0.25860778443113774 0.024 0.05239520958083833
3 0.62625 0.34842814371257486 0.078 0.07035928143712575
3 0.77925 0.438248502994012 0.194 0.1092814371257485
