3 0.929125 0.15138473053892215 0.03775 0.05726047904191617
3 0.34725 0.6313622754491018 0.042 0.06137724550898204
3 0.38475 0.7136976047904192 0.045 0.08233532934131738
3 0.45875 0.7279191616766467 0.023 0.05389221556886228
3 0.51525 0.6306137724550899 0.042 0.05089820359281438
3 0.44525000000000003 0.8012724550898204 0.032 0.05389221556886228
3 0.25875 0.7511227544910181 0.021 0.0344311377245509
3 0.27525 0.8289670658682635 0.03 0.04940119760479042
3 0.34525 0.9008233532934132 0.03 0.05239520958083833
3 0.31675000000000003 0.8574101796407186 0.019 0.02544910179640719
3 0.35475 0.814745508982036 0.017 0.023952095808383235
3 0.26375 0.6575598802395209 0.017 0.029940119760479042
3 0.26025 0.9000748502994013 0.038 0.029940119760479042
3 0.46125 0.6440868263473054 0.026000000000000002 0.07185628742514971
3 0.87375 0.19348802395209583 0.029 0.03293413173652695
3 0.70975 0.5370508982035929 0.057 0.055389221556886234
3 0.64375 0.8716317365269461 0.059000000000000004 0.08982035928143713
