3 0.27125 0.5737275449101796 0.028 0.035928143712574856
3 0.39825 0.48465568862275454 0.024 0.04940119760479042
3 0.38725 0.6373502994011977 0.056 0.040419161676646706
3 0.38025000000000003 0.7391467065868264 0.04 0.037425149700598806
3 0.8532500000000001 0.6321107784431138 0.198 0.16167664670658682
3 0.50775 0.6395958083832336 0.031 0.04790419161676647
3 0.6052500000000001 0.5759730538922156 0.054 0.058383233532934134
3 0.46275 0.40531437125748504 0.031 0.055389221556886234
3 0.46175 0.49064371257485034 0.045 0.058383233532934134
3 0.51625 0.4786676646706587 0.016 0.037425149700598806
3 0.74825 0.7578592814371258 0.066 0.07784431137724551
3 0.58675 0.7084580838323353 0.061 0.05389221556886228
3 0.65025 0.7383982035928144 0.046 0.059880239520958084
3 0.70725 0.5565119760479043 0.034 0.031437125748503
3 0.65375 0.6455838323353293 0.033 0.04491017964071856
