3 0.15675 0.7421407185628743 0.027 0.040419161676646706
3 0.36375 0.6515718562874252 0.029 0.04790419161676647
3 0.56975 0.5422904191616766 0.063 0.04790419161676647
3 0.68125 0.7234281437125749 0.028 0.03293413173652695
3 0.94975 0.6351047904191617 0.023 0.04191616766467066
3 0.71725 0.5550149700598803 0.022 0.040419161676646706
3 0.63575 0.5684880239520959 0.019 0.028443113772455092
3 0.51125 0.344685628742515 0.05 0.07784431137724551
3 0.49275 0.23914670658682635 0.023 0.028443113772455092
3 0.32225 0.5385479041916168 0.022 0.037425149700598806
1 0.9645 0.6794535928143713 0.07050000000000001 0.04977544910179641
