0 0.318375 0.33982035928143717 0.01025 0.019461077844311378
0 0.797875 0.5858907185628743 0.05275 0.046781437125748504
0 0.55325 0.24607035928143714 0.0275 0.03480538922155689
0 0.913125 0.17645958083832336 0.01725 0.027320359281437126
0 0.9530000000000001 0.19928892215568864 0.0145 0.02133233532934132
0 0.9832500000000001 0.2000374251497006 0.0135 0.019835329341317365
0 0.967875 0.11732784431137726 0.01175 0.016092814371257487
0 0.32375 0.3912799401197605 0.0055 0.014595808383233533
0 0.310375 0.3843562874251497 0.01025 0.019461077844311378
0 0.35325 0.406998502994012 0.0135 0.019835329341317365
0 0.31825000000000003 0.4584580838323354 0.0185 0.04491017964071856
0 0.334625 0.4913922155688623 0.01425 0.03068862275449102
0 0.3345 0.5409805389221557 0.011 0.025074850299401198
0 0.36612500000000003 0.5273203592814372 0.01025 0.019461077844311378
0 0.42412500000000003 0.5363023952095809 0.01025 0.019461077844311378
0 0.345875 0.45602544910179643 0.01725 0.04827844311377246
0 0.55675 0.5363023952095809 0.0155 0.02544910179640719
0 0.32425 0.4979416167664671 0.007 0.01534431137724551
0 0.6138750000000001 0.46893712574850305 0.03075 0.05239520958083833
0 0.5583750000000001 0.45789670658682635 0.014750000000000001 0.024326347305389222
0 0.589875 0.3901571856287425 0.01725 0.02881736526946108
0 0.64425 0.4741766467065869 0.021 0.035179640718562874
0 0.636875 0.41785179640718567 0.01825 0.02657185628742515
0 0.5225 0.437125748502994 0.014 0.016467065868263474
0 0.652 0.6104041916167665 0.0315 0.047155688622754495
0 0.680625 0.534056886227545 0.02675 0.04266467065868264
0 0.515125 0.407559880239521 0.03725 0.03068862275449102
0 0.58575 0.5144086826347306 0.018000000000000002 0.023577844311377247
0 0.608875 0.5525823353293413 0.01575 0.027320359281437126
0 0.4835 0.4157934131736527 0.0155 0.019461077844311378
0 0.6185 0.39708083832335334 0.0125 0.01721556886227545
0 0.647625 0.5138473053892216 0.01925 0.023952095808383235
0 0.54925 0.20527694610778444 0.023 0.034056886227544915
