3 0.489375 0.6536302395209581 0.017750000000000002 0.02133233532934132
3 0.015875 0.906062874251497 0.03175 0.037425149700598806
3 0.09625 0.9825973053892216 0.027 0.034056886227544915
3 0.13425 0.343937125748503 0.036000000000000004 0.05239520958083833
3 0.17075 0.42627245508982037 0.025 0.040419161676646706
3 0.15975 0.49288922155688625 0.029 0.029940119760479042
3 0.33475 0.43974550898203596 0.039 0.08832335329341318
3 0.29375 0.593937125748503 0.045 0.07035928143712575
3 0.37925000000000003 0.4255239520958084 0.032 0.05089820359281438
3 0.20125 0.34842814371257486 0.032 0.05239520958083833
3 0.59025 0.4801646706586827 0.034 0.037425149700598806
3 0.67025 0.4876497005988024 0.062 0.12125748502994013
3 0.71725 0.44573353293413176 0.026000000000000002 0.04341317365269461
3 0.58725 0.42028443113772457 0.042 0.028443113772455092
3 0.68825 0.3491766467065868 0.058 0.08682634730538923
3 0.70325 0.17327844311377247 0.04 0.07934131736526946
3 0.69075 0.25486526946107785 0.035 0.05389221556886228
3 0.76175 0.470434131736527 0.037 0.056886227544910184
3 0.81425 0.5849550898203593 0.02 0.0344311377245509
3 0.84975 0.5991766467065869 0.029 0.04790419161676647
3 0.81675 0.48091317365269465 0.039 0.08383233532934133
3 0.74075 0.4008233532934132 0.023 0.04940119760479042
3 0.9187500000000001 0.500374251497006 0.037 0.05089820359281438
3 0.7877500000000001 0.3693862275449102 0.021 0.037425149700598806
3 0.39025 0.5774700598802396 0.036000000000000004 0.040419161676646706
