3 0.770875 0.07784431137724551 0.31975000000000003 0.14820359281437126
3 0.46675 0.5265718562874252 0.039 0.04940119760479042
3 0.47525 0.6493263473053893 0.034 0.055389221556886234
3 0.77375 0.3604041916167665 0.023 0.05239520958083833
3 0.73675 0.3589071856287425 0.021 0.04341317365269461
3 0.7212500000000001 0.43375748502994016 0.028 0.055389221556886234
3 0.75325 0.44273952095808383 0.018000000000000002 0.037425149700598806
3 0.7867500000000001 0.4741766467065869 0.015 0.037425149700598806
3 0.67625 0.469685628742515 0.026000000000000002 0.04940119760479042
3 0.62525 0.4921407185628743 0.064 0.17814371257485032
3 0.57325 0.48091317365269465 0.02 0.035928143712574856
3 0.55775 0.5512724550898204 0.057 0.0658682634730539
3 0.67425 0.3851047904191617 0.038 0.02694610778443114
3 0.59875 0.19049401197604793 0.021 0.017964071856287428
3 0.60875 0.22717065868263475 0.033 0.031437125748503
3 0.64075 0.2758233532934132 0.047 0.04790419161676647
3 0.7332500000000001 0.2713323353293413 0.122 0.10179640718562875
3 0.76475 0.18899700598802396 0.019 0.04191616766467066
3 0.80075 0.1725299401197605 0.043000000000000003 0.08383233532934133
3 0.87625 0.2630988023952096 0.16 0.2440119760479042
