0 0.321 0.4346931137724551 0.024 0.03330838323353293
0 0.282125 0.5087949101796407 0.01425 0.016092814371257487
0 0.5241250000000001 0.38529191616766467 0.01425 0.025074850299401198
0 0.5680000000000001 0.45752245508982037 0.021500000000000002 0.03330838323353293
0 0.2795 0.6714071856287426 0.0185 0.02544910179640719
0 0.362 0.6384730538922156 0.0205 0.032185628742514974
0 0.48925 0.8250374251497007 0.0285 0.052020958083832336
0 0.986625 0.4309505988023952 0.02025 0.030314371257485033
0 0.986125 0.43020209580838326 0.02025 0.030314371257485033
0 0.310125 0.752432634730539 0.02075 0.03330838323353293
