0 0.787 0.563622754491018 0.0135 0.018712574850299403
3 0.5367500000000001 0.594685628742515 0.053 0.05389221556886228
3 0.55625 0.5460329341317366 0.02 0.0344311377245509
3 0.43875000000000003 0.5924401197604791 0.023 0.04341317365269461
3 0.40925 0.5639970059880239 0.02 0.031437125748503
3 0.34275 0.4824101796407186 0.025 0.02095808383233533
3 0.24075 0.5063622754491018 0.039 0.035928143712574856
3 0.23575000000000002 0.5744760479041916 0.021 0.02245508982035928
3 0.23675000000000002 0.6089071856287426 0.019 0.02245508982035928
3 0.43975000000000003 0.4936377245508982 0.039 0.04341317365269461
3 0.63275 0.49288922155688625 0.029 0.04790419161676647
3 0.61025 0.5505239520958084 0.05 0.055389221556886234
3 0.66825 0.4741766467065869 0.026000000000000002 0.019461077844311378
3 0.62625 0.43226047904191617 0.02 0.02544910179640719
3 0.65125 0.39258982035928147 0.018000000000000002 0.02694610778443114
3 0.47225 0.30875748502994016 0.016 0.029940119760479042
3 0.41075 0.29752994011976047 0.015 0.02544910179640719
3 0.33575 0.3199850299401198 0.015 0.028443113772455092
3 0.55525 0.3416916167664671 0.028 0.035928143712574856
3 0.43525 0.6942365269461078 0.06 0.07934131736526946
