3 0.93475 0.9532185628742516 0.051000000000000004 0.07410179640718563
3 0.797 0.7050898203592815 0.041 0.029191616766467067
3 0.689375 0.6017964071856288 0.02375 0.027694610778443117
3 0.6595 0.6684131736526947 0.036000000000000004 0.027694610778443117
3 0.714375 0.6530688622754491 0.03275 0.019461077844311378
3 0.54475 0.5295658682634731 0.061 0.05239520958083833
3 0.62675 0.4509730538922156 0.025 0.04191616766467066
3 0.50475 0.3888473053892216 0.021 0.031437125748503
3 0.55175 0.3469311377245509 0.081 0.09431137724550899
3 0.52475 0.45546407185628746 0.023 0.03293413173652695
3 0.51025 0.656062874251497 0.042 0.038922155688622756
3 0.54875 0.596931137724551 0.027 0.040419161676646706
3 0.21525 0.4921407185628743 0.028 0.0344311377245509
3 0.17375000000000002 0.40905688622754494 0.085 0.10778443113772455
3 0.10025 0.4839071856287425 0.03 0.056886227544910184
3 0.06575 0.5677395209580839 0.019 0.03293413173652695
1 0.05325 0.689745508982036 0.028 0.040419161676646706
