0 0.42462500000000003 0.3184880239520958 0.01325 0.02245508982035928
0 0.313875 0.39333832335329344 0.025750000000000002 0.11077844311377247
0 0.5407500000000001 0.5424775449101796 0.033 0.05351796407185629
0 0.7715 0.7348428143712575 0.025 0.03181137724550898
0 0.891625 0.8905314371257486 0.02225 0.025074850299401198
0 0.76975 0.5477170658682635 0.0125 0.024326347305389222
3 0.49475 0.6311751497005988 0.1095 0.17402694610778444
0 0.475625 0.016654191616766467 0.02875 0.030314371257485033
0 0.029125 0.3549775449101797 0.05825 0.03330838323353293
0 0.01225 0.18562874251497008 0.0245 0.037425149700598806
