3 0.86 0.14221556886227546 0.024 0.035928143712574856
3 0.978875 0.3948353293413174 0.01625 0.02320359281437126
3 0.727625 0.22286676646706588 0.01525 0.01908682634730539
3 0.86375 0.24906437125748504 0.0105 0.017589820359281437
3 0.7418750000000001 0.29528443113772457 0.04475 0.031437125748503
3 0.682 0.2651571856287425 0.035500000000000004 0.04453592814371258
3 0.43375 0.15157185628742517 0.023 0.038922155688622756
3 0.36725 0.16654191616766467 0.02 0.03293413173652695
3 0.48525 0.14633233532934134 0.016 0.04940119760479042
3 0.53525 0.2286676646706587 0.024 0.02544910179640719
3 0.54425 0.1845059880239521 0.02 0.02694610778443114
3 0.57775 0.1598053892215569 0.037 0.04940119760479042
3 0.55225 0.35815868263473055 0.036000000000000004 0.04191616766467066
3 0.74075 0.5363023952095809 0.061 0.0688622754491018
3 0.69825 0.6358532934131736 0.094 0.12125748502994013
3 0.56875 0.5909431137724551 0.051000000000000004 0.09131736526946109
3 0.62325 0.5819610778443114 0.034 0.040419161676646706
3 0.44175000000000003 0.5333083832335329 0.093 0.09580838323353294
3 0.50175 0.6036676646706587 0.021 0.05389221556886228
3 0.47225 0.6395958083832336 0.018000000000000002 0.029940119760479042
3 0.45525 0.6830089820359282 0.02 0.03293413173652695
3 0.37275 0.6500748502994013 0.033 0.03293413173652695
3 0.35175 0.4854041916167665 0.051000000000000004 0.07185628742514971
3 0.35725 0.3821107784431138 0.014 0.023952095808383235
3 0.25475000000000003 0.4195359281437126 0.067 0.0658682634730539
3 0.33225 0.5991766467065869 0.018000000000000002 0.035928143712574856
3 0.41725 0.29229041916167664 0.036000000000000004 0.04191616766467066
