0 0.25675 0.628368263473054 0.017 0.02544910179640719
3 0.18025 0.27657185628742514 0.024 0.055389221556886234
3 0.18675 0.39708083832335334 0.065 0.0658682634730539
3 0.25575000000000003 0.12312874251497007 0.039 0.04790419161676647
3 0.36275 0.1343562874251497 0.015 0.031437125748503
3 0.39975 0.15157185628742517 0.029 0.04191616766467066
3 0.35425 0.4472305389221557 0.084 0.11526946107784432
3 0.13975 0.4726796407185629 0.033 0.04640718562874252
3 0.10525 0.40456586826347307 0.02 0.023952095808383235
1 0.030125 0.5913173652694611 0.06025 0.1414670658682635
3 0.31375000000000003 0.6478293413173654 0.041 0.031437125748503
3 0.26325 0.6605538922155689 0.046 0.03293413173652695
3 0.25975 0.7002245508982037 0.021 0.040419161676646706
3 0.39225 0.6987275449101796 0.02 0.02544910179640719
3 0.43525 0.48465568862275454 0.056 0.09431137724550899
3 0.40775 0.7578592814371258 0.019 0.029940119760479042
3 0.45725 0.7548652694610779 0.014 0.03293413173652695
3 0.44275000000000003 0.5580089820359282 0.033 0.04640718562874252
3 0.38275000000000003 0.3289670658682635 0.055 0.1062874251497006
3 0.32075 0.31773952095808383 0.029 0.0688622754491018
3 0.60275 0.5580089820359282 0.159 0.27095808383233533
1 0.70325 0.5437874251497007 0.046 0.14970059880239522
3 0.49525 0.5160928143712575 0.042 0.037425149700598806
3 0.51325 0.6141467065868264 0.028 0.04491017964071856
3 0.40125 0.6298652694610779 0.034 0.040419161676646706
