0 0.3415 0.07316616766467067 0.026000000000000002 0.03480538922155689
0 0.574625 0.5683008982035929 0.04725 0.08944610778443114
0 0.69575 0.7406437125748504 0.027 0.05913173652694611
0 0.622375 0.7281062874251497 0.03375 0.061751497005988025
0 0.267 0.7896706586826348 0.035500000000000004 0.06137724550898204
0 0.26025 0.6914296407185629 0.024 0.028068862275449104
0 0.042375 0.15175898203592816 0.01425 0.024326347305389222
0 0.081375 0.3239146706586827 0.01525 0.022829341317365272
0 0.111125 0.28368263473053895 0.01725 0.037425149700598806
0 0.6895 0.626122754491018 0.049 0.07485029940119761
