3 0.62225 0.6545658682634731 0.074 0.1317365269461078
3 0.67825 0.6792664670658684 0.036000000000000004 0.08532934131736528
3 0.7302500000000001 0.5812125748502994 0.048 0.05389221556886228
3 0.76625 0.6006736526946108 0.014 0.038922155688622756
3 0.54975 0.8858532934131738 0.049 0.09131736526946109
3 0.38525 0.905314371257485 0.044 0.06736526946107785
3 0.27025 0.7279191616766467 0.062 0.08982035928143713
3 0.09025 0.6425898203592815 0.062 0.07485029940119761
3 0.35925 0.45172155688622756 0.032 0.05239520958083833
3 0.43675 0.5265718562874252 0.037 0.06437125748502995
3 0.63175 0.5235778443113773 0.059000000000000004 0.08832335329341318
3 0.67225 0.4375 0.1 0.09580838323353294
3 0.83275 0.3566616766467066 0.115 0.09580838323353294
1 0.87525 0.4786676646706587 0.054 0.07035928143712575
3 0.36025 0.3319610778443114 0.034 0.05239520958083833
3 0.47775 0.30501497005988026 0.027 0.04341317365269461
3 0.22175 0.3686377245508982 0.10300000000000001 0.10778443113772455
3 0.29575 0.9607035928143713 0.041 0.07634730538922156
3 0.16375 0.4981287425149701 0.091 0.07035928143712575
