3 0.2975 0.625561377245509 0.027 0.07148203592814371
3 0.338875 0.6457709580838323 0.02275 0.031062874251497008
3 0.371875 0.343937125748503 0.021750000000000002 0.058383233532934134
3 0.582375 0.48297155688622756 0.02275 0.024326347305389222
3 0.504 0.5767215568862276 0.025 0.029191616766467067
3 0.56975 0.6180763473053893 0.0175 0.024326347305389222
3 0.452375 0.40662425149700604 0.02625 0.0407934131736527
3 0.37625000000000003 0.43001497005988026 0.018000000000000002 0.029940119760479042
3 0.17325000000000002 0.4824101796407186 0.012 0.029940119760479042
3 0.14275000000000002 0.08720059880239521 0.033 0.09281437125748504
3 0.053625 0.02638473053892216 0.10725 0.05276946107784432
3 0.05625 0.12537425149700598 0.108 0.12125748502994013
3 0.56975 0.33420658682634735 0.039 0.04491017964071856
3 0.20925 0.469685628742515 0.014 0.019461077844311378
3 0.24875 0.4217814371257485 0.025 0.037425149700598806
3 0.17975 0.438248502994012 0.013000000000000001 0.016467065868263474
