3 0.7681250000000001 0.625374251497006 0.035750000000000004 0.06811377245508983
3 0.27625 0.6440868263473054 0.048 0.059880239520958084
3 0.33875 0.6148952095808383 0.049 0.08233532934131738
3 0.39425 0.6410928143712575 0.024 0.038922155688622756
3 0.45525 0.6687874251497007 0.052000000000000005 0.1601796407185629
3 0.54875 0.5714820359281437 0.041 0.05239520958083833
3 0.47425 0.5041167664670659 0.026000000000000002 0.0344311377245509
3 0.48925 0.42028443113772457 0.044 0.06437125748502995
3 0.53225 0.40232035928143717 0.022 0.04940119760479042
3 0.64525 0.4000748502994012 0.016 0.035928143712574856
3 0.6012500000000001 0.2982784431137725 0.06 0.09281437125748504
3 0.51725 0.2848053892215569 0.056 0.059880239520958084
3 0.47875 0.23615269461077845 0.023 0.02544910179640719
3 0.32625 0.1627994011976048 0.036000000000000004 0.058383233532934134
3 0.20725000000000002 0.25187125748503 0.036000000000000004 0.056886227544910184
3 0.21575 0.43076347305389223 0.041 0.055389221556886234
3 0.18925 0.5550149700598803 0.036000000000000004 0.06437125748502995
3 0.13725 0.5797155688622755 0.038 0.04491017964071856
3 0.26275 0.4973802395209581 0.109 0.059880239520958084
3 0.34975 0.5288173652694611 0.105 0.09281437125748504
3 0.029625000000000002 0.5469685628742516 0.059250000000000004 0.06923652694610778
