3 0.105625 0.17964071856287425 0.03475 0.045658682634730545
3 0.21425 0.6373502994011977 0.026000000000000002 0.06736526946107785
3 0.34325 0.6493263473053893 0.032 0.05239520958083833
3 0.31825000000000003 0.7398952095808383 0.034 0.056886227544910184
3 0.24225 0.6074101796407186 0.02 0.05239520958083833
3 0.26925 0.6470808383233533 0.028 0.10778443113772455
3 0.31075 0.48465568862275454 0.033 0.04940119760479042
3 0.30675 0.42477544910179643 0.021 0.028443113772455092
3 0.36075 0.33270958083832336 0.025 0.03293413173652695
3 0.21475 0.3379491017964072 0.015 0.04341317365269461
3 0.24075 0.29752994011976047 0.033 0.12125748502994013
3 0.38225000000000003 0.718188622754491 0.018000000000000002 0.06437125748502995
3 0.57125 0.625374251497006 0.046 0.06137724550898204
3 0.6062500000000001 0.6605538922155689 0.016 0.02694610778443114
3 0.45625 0.6695359281437127 0.018000000000000002 0.02694610778443114
3 0.48575 0.6747754491017964 0.017 0.0344311377245509
3 0.45675 0.5872005988023953 0.10300000000000001 0.08383233532934133
3 0.49525 0.4232784431137725 0.02 0.040419161676646706
3 0.54025 0.5550149700598803 0.034 0.028443113772455092
3 0.5962500000000001 0.501122754491018 0.034 0.0344311377245509
3 0.55225 0.5116017964071856 0.026000000000000002 0.028443113772455092
3 0.59275 0.3783682634730539 0.025 0.06736526946107785
3 0.61875 0.4547155688622755 0.021 0.031437125748503
3 0.72075 0.39258982035928147 0.021 0.03293413173652695
3 0.6012500000000001 0.5842065868263473 0.07 0.04191616766467066
3 0.72275 0.5198353293413174 0.019 0.029940119760479042
3 0.75725 0.46744011976047906 0.032 0.03293413173652695
3 0.7202500000000001 0.5804640718562875 0.034 0.07035928143712575
3 0.69225 0.6792664670658684 0.02 0.031437125748503
3 0.71625 0.6545658682634731 0.022 0.04191616766467066
3 0.15525 0.24588323353293415 0.028 0.017964071856287428
1 0.008625 0.16242514970059882 0.01725 0.03967065868263473
