3 0.413875 0.31699101796407186 0.03375 0.06661676646706587
3 0.49512500000000004 0.593001497005988 0.00925 0.020583832335329344
3 0.428 0.5598802395209581 0.0115 0.017964071856287428
3 0.11025 0.6702844311377246 0.136 0.09730538922155689
3 0.71725 0.4801646706586827 0.232 0.07934131736526946
3 0.051250000000000004 0.5954341317365269 0.07 0.06736526946107785
3 0.15225 0.5639970059880239 0.04 0.02544910179640719
3 0.35225 0.5071107784431138 0.046 0.04940119760479042
3 0.56425 0.1785179640718563 0.042 0.05389221556886228
3 0.54575 0.25112275449101795 0.019 0.0344311377245509
3 0.55525 0.5138473053892216 0.076 0.11676646706586827
3 0.26975 0.7720808383233534 0.029 0.028443113772455092
