3 0.45375 0.31324850299401197 0.061 0.09281437125748504
3 0.26325 0.18226047904191617 0.054 0.06736526946107785
3 0.30825 0.2660928143712575 0.04 0.09730538922155689
3 0.36675 0.36564371257485034 0.035 0.08682634730538923
3 0.42125 0.39857784431137727 0.052000000000000005 0.04191616766467066
3 0.37975000000000003 0.22342814371257486 0.063 0.10479041916167665
3 0.29075 0.7136976047904192 0.033 0.040419161676646706
3 0.33375 0.6785179640718564 0.049 0.11377245508982037
3 0.64125 0.8319610778443114 0.042 0.11526946107784432
3 0.7242500000000001 0.8925898203592815 0.048 0.1317365269461078
3 0.56025 0.4876497005988024 0.078 0.11526946107784432
3 0.43275 0.7773203592814372 0.067 0.062874251497006
3 0.5387500000000001 0.7892964071856288 0.035 0.05089820359281438
3 0.50925 0.8297155688622755 0.048 0.04491017964071856
3 0.68875 0.6448353293413174 0.061 0.09131736526946109
3 0.73175 0.7062125748502994 0.039 0.037425149700598806
3 0.7967500000000001 0.8095059880239521 0.097 0.08233532934131738
3 0.59575 0.7376497005988024 0.037 0.04940119760479042
3 0.21225 0.32297904191616766 0.048 0.07934131736526946
3 0.47875 0.6336077844311377 0.033 0.07485029940119761
3 0.55325 0.6545658682634731 0.03 0.05089820359281438
3 0.63175 0.5565119760479043 0.027 0.058383233532934134
3 0.66325 0.4973802395209581 0.04 0.056886227544910184
3 0.71175 0.4636976047904192 0.029 0.02245508982035928
3 0.76575 0.4786676646706587 0.043000000000000003 0.09431137724550899
3 0.13125 0.42103293413173654 0.038 0.03293413173652695
3 0.16775 0.468188622754491 0.051000000000000004 0.05239520958083833
3 0.31225 0.5744760479041916 0.038 0.06137724550898204
3 0.41575 0.5677395209580839 0.029 0.05089820359281438
3 0.38875 0.6231287425149701 0.021 0.038922155688622756
3 0.38725 0.45770958083832336 0.058 0.06437125748502995
3 0.36525 0.5198353293413174 0.036000000000000004 0.05089820359281438
3 0.27625 0.4921407185628743 0.06 0.06437125748502995
1 0.17425000000000002 0.628368263473054 0.128 0.1631736526946108
