3 0.45125 0.32073353293413176 0.029 0.09655688622754492
3 0.716 0.40119760479041916 0.0325 0.03068862275449102
3 0.63725 0.3961452095808383 0.031 0.0407934131736527
3 0.253375 0.4328218562874252 0.01975 0.027320359281437126
3 0.19375 0.44049401197604793 0.041 0.05389221556886228
3 0.20025 0.282559880239521 0.034 0.08233532934131738
3 0.42675 0.39558383233532934 0.029 0.05089820359281438
1 0.70725 0.6979790419161677 0.058 0.07185628742514971
3 0.97675 0.2032185628742515 0.027 0.0344311377245509
3 0.95175 0.30127245508982037 0.041 0.04191616766467066
