3 0.26325 0.14857784431137724 0.089 0.10104790419161677
3 0.5377500000000001 0.5668038922155689 0.038 0.052020958083832336
3 0.635875 0.7369011976047904 0.01625 0.04116766467065869
3 0.69975 0.8074476047904192 0.0465 0.12612275449101798
3 0.16775 0.28555389221556887 0.037 0.04640718562874252
3 0.42625 0.6336077844311377 0.05 0.0688622754491018
3 0.6627500000000001 0.6478293413173654 0.021 0.02544910179640719
3 0.79625 0.6807634730538923 0.03 0.037425149700598806
3 0.77275 0.7645958083832336 0.11900000000000001 0.14820359281437126
3 0.71825 0.6343562874251497 0.038 0.031437125748503
3 0.65025 0.6014221556886228 0.014 0.02245508982035928
