0 0.3385 0.11358532934131738 0.0365 0.03929640718562875
0 0.15812500000000002 0.27432634730538924 0.03025 0.07634730538922156
0 0.338 0.1128368263473054 0.0365 0.03929640718562875
0 0.3375 0.11208832335329343 0.0365 0.03929640718562875
0 0.500125 0.7696482035928144 0.01575 0.022829341317365272
0 0.314625 0.6090943113772456 0.03025 0.07073353293413175
0 0.37625000000000003 0.5297529940119761 0.019 0.027320359281437126
0 0.318375 0.5160928143712575 0.02075 0.05464071856287425
0 0.532375 0.780314371257485 0.01725 0.019461077844311378
0 0.422 0.5673652694610779 0.021500000000000002 0.029191616766467067
0 0.183 0.407559880239521 0.0185 0.026197604790419163
0 0.171 0.4414296407185629 0.013000000000000001 0.01908682634730539
0 0.24325 0.5828967065868264 0.013000000000000001 0.01908682634730539
0 0.23900000000000002 0.6016092814371258 0.013000000000000001 0.01908682634730539
0 0.31275000000000003 0.4638847305389222 0.013000000000000001 0.01908682634730539
0 0.358 0.3980164670658683 0.013000000000000001 0.01908682634730539
0 0.439 0.4766092814371258 0.0105 0.016841317365269462
0 0.559 0.6674775449101796 0.0165 0.022080838323353294
0 0.547125 0.627058383233533 0.02675 0.022080838323353294
0 0.576375 0.7748877245508983 0.01425 0.023577844311377247
0 0.46325 0.7324101796407186 0.0165 0.016467065868263474
0 0.384875 0.6760853293413174 0.01025 0.010104790419161677
0 0.437875 0.7898577844311377 0.02025 0.02133233532934132
0 0.3405 0.5774700598802396 0.0085 0.014221556886227546
0 0.34575 0.5976796407185629 0.0085 0.014221556886227546
0 0.326875 0.689745508982036 0.01225 0.02694610778443114
0 0.3015 0.7078967065868264 0.0115 0.018338323353293415
