3 0.718125 0.40494011976047906 0.035750000000000004 0.037425149700598806
3 0.6465 0.1315494011976048 0.0185 0.034056886227544915
3 0.657875 0.6392215568862276 0.02625 0.0344311377245509
3 0.27375 0.6575598802395209 0.027 0.029940119760479042
1 0.26875 0.6732784431137725 0.115 0.11526946107784432
3 0.34725 0.6830089820359282 0.04 0.04491017964071856
3 0.39775 0.6627994011976048 0.049 0.06437125748502995
3 0.35225 0.6366017964071856 0.034 0.05089820359281438
3 0.46525 0.5901946107784432 0.066 0.08383233532934133
3 0.33825 0.500374251497006 0.038 0.059880239520958084
3 0.41725 0.5258233532934132 0.032 0.035928143712574856
3 0.41375 0.470434131736527 0.029 0.07485029940119761
3 0.59175 0.4315119760479042 0.025 0.0688622754491018
3 0.55325 0.41654191616766467 0.038 0.04491017964071856
3 0.50725 0.5078592814371258 0.064 0.11377245508982037
3 0.50725 0.41205089820359286 0.038 0.062874251497006
3 0.45625 0.39558383233532934 0.026000000000000002 0.059880239520958084
3 0.49325 0.3259730538922156 0.03 0.06437125748502995
1 0.41075 0.7668413173652695 0.049 0.038922155688622756
