3 0.429 0.07447604790419163 0.0315 0.037425149700598806
3 0.5796250000000001 0.751497005988024 0.01725 0.037425149700598806
3 0.25375000000000003 0.018712574850299403 0.0135 0.02694610778443114
3 0.15825 0.03461826347305389 0.036000000000000004 0.030314371257485033
0 0.265 0.32447604790419166 0.0115 0.0157185628742515
3 0.32987500000000003 0.015157185628742516 0.04925 0.024326347305389222
3 0.061375 0.042477544910179646 0.12275 0.08495508982035929
3 0.11675 0.34244011976047906 0.043000000000000003 0.10029940119760479
3 0.46325 0.7032185628742516 0.034 0.040419161676646706
3 0.28475 0.6717814371257486 0.139 0.19311377245508984
3 0.21025 0.5280688622754491 0.046 0.04940119760479042
3 0.25175000000000003 0.2982784431137725 0.185 0.17664670658682635
3 0.40775 0.31175149700598803 0.027 0.04191616766467066
3 0.14275000000000002 0.5108532934131736 0.037 0.11676646706586827
3 0.18725 0.438248502994012 0.024 0.058383233532934134
3 0.35925 0.5250748502994013 0.052000000000000005 0.055389221556886234
3 0.39175 0.6201347305389222 0.073 0.15568862275449102
3 0.46525 0.6186377245508983 0.036000000000000004 0.08982035928143713
3 0.42475 0.7541167664670659 0.019 0.02245508982035928
3 0.48075 0.4824101796407186 0.051000000000000004 0.05089820359281438
3 0.48675 0.4000748502994012 0.029 0.04191616766467066
3 0.40475 0.40531437125748504 0.11900000000000001 0.13922155688622756
3 0.28825 0.45321856287425155 0.034 0.037425149700598806
3 0.42925 0.23241017964071858 0.14200000000000002 0.08083832335329341
3 0.54725 0.3289670658682635 0.078 0.09431137724550899
3 0.51625 0.7092065868263473 0.018000000000000002 0.037425149700598806
3 0.59575 0.5168413173652695 0.127 0.15568862275449102
3 0.59375 0.6860029940119761 0.035 0.05389221556886228
