0 0.444875 0.3023952095808383 0.04025 0.04266467065868264
0 0.5555 0.35198353293413176 0.022 0.02657185628742515
0 0.38125000000000003 0.781437125748503 0.05 0.037425149700598806
0 0.30875 0.5583832335329342 0.0145 0.0344311377245509
0 0.273125 0.6779565868263473 0.01625 0.02881736526946108
0 0.22575 0.19854041916167667 0.0245 0.037050898203592815
0 0.224125 0.2967814371257485 0.01625 0.045658682634730545
0 0.15862500000000002 0.3203592814371258 0.01675 0.027694610778443117
0 0.231875 0.3598428143712575 0.029750000000000002 0.050523952095808386
0 0.2435 0.4000748502994012 0.014 0.029191616766467067
0 0.1905 0.42122005988023953 0.024 0.03854790419161677
0 0.211125 0.45752245508982037 0.02125 0.058757485029940125
0 0.573375 0.29603293413173654 0.02925 0.037425149700598806
0 0.42 0.24438622754491018 0.018000000000000002 0.019461077844311378
0 0.463125 0.19292664670658685 0.03175 0.05127245508982036
0 0.43525 0.19348802395209583 0.015 0.033682634730538924
0 0.41025 0.16991017964071858 0.019 0.03817365269461078
0 0.661375 0.36452095808383234 0.01325 0.035179640718562874
0 0.440125 0.05071107784431138 0.07375 0.07372754491017965
