3 0.16975 0.38136227544910184 0.026000000000000002 0.062125748502994016
3 0.213875 0.4504116766467066 0.03375 0.043787425149700604
3 0.380125 0.313809880239521 0.02925 0.060254491017964075
3 0.46225 0.7028443113772456 0.0195 0.027694610778443117
3 0.5523750000000001 0.6328592814371258 0.03275 0.056886227544910184
3 0.598625 0.6115269461077845 0.02725 0.056886227544910184
3 0.712125 0.625374251497006 0.03475 0.048652694610778445
3 0.810625 0.6416541916167665 0.01625 0.022829341317365272
3 0.55875 0.3648952095808383 0.047 0.07035928143712575
3 0.07775 0.5707335329341318 0.033 0.0688622754491018
1 0.03475 0.5999251497005988 0.033 0.040419161676646706
3 0.49725 0.23315868263473055 0.036000000000000004 0.07335329341317366
3 0.58675 0.5041167664670659 0.029 0.055389221556886234
3 0.64875 0.3282185628742515 0.033 0.062874251497006
3 0.79225 0.5490269461077845 0.04 0.05239520958083833
3 0.73275 0.4509730538922156 0.041 0.11077844311377247
