3 0.244125 0.6923652694610779 0.07025 0.05164670658682635
3 0.45587500000000003 0.534618263473054 0.05675 0.09917664670658684
3 0.47225 0.31324850299401197 0.048 0.05389221556886228
3 0.7192500000000001 0.27432634730538924 0.096 0.1287425149700599
3 0.8482500000000001 0.3604041916167665 0.074 0.06736526946107785
3 0.91825 0.3566616766467066 0.06 0.0658682634730539
3 0.7857500000000001 0.40456586826347307 0.057 0.07485029940119761
3 0.62175 0.23839820359281438 0.055 0.05389221556886228
3 0.6707500000000001 0.7750748502994013 0.045 0.05239520958083833
3 0.89175 0.4861526946107785 0.11900000000000001 0.18113772455089822
3 0.13525 0.7114520958083833 0.048 0.07485029940119761
3 0.15575 0.8199850299401198 0.041 0.07934131736526946
3 0.20575000000000002 0.9127994011976048 0.067 0.09730538922155689
3 0.28775 0.8836077844311377 0.083 0.125748502994012
3 0.20325000000000001 0.7690868263473054 0.07 0.15119760479041916
