2 0.44925 0.35778443113772457 0.0565 0.07634730538922156
3 0.28225 0.7271706586826348 0.038 0.06362275449101797
3 0.52125 0.4273952095808384 0.0335 0.040419161676646706
3 0.39187500000000003 0.7045284431137725 0.03275 0.04154191616766467
3 0.23925000000000002 0.6089071856287426 0.028 0.037425149700598806
3 0.13425 0.1972305389221557 0.068 0.07035928143712575
3 0.06875 0.3349550898203593 0.025 0.037425149700598806
3 0.6012500000000001 0.5872005988023953 0.042 0.05089820359281438
3 0.62975 0.3102544910179641 0.045 0.04191616766467066
3 0.57375 0.44348802395209586 0.019 0.04191616766467066
3 0.63325 0.7346556886227545 0.028 0.058383233532934134
3 0.65025 0.6403443113772456 0.022 0.0344311377245509
3 0.70075 0.7286676646706587 0.075 0.058383233532934134
3 0.7827500000000001 0.718188622754491 0.089 0.13023952095808383
3 0.8482500000000001 0.7451347305389222 0.07 0.06437125748502995
3 0.82525 0.8514221556886228 0.044 0.07934131736526946
3 0.87025 0.5842065868263473 0.094 0.07784431137724551
3 0.75575 0.5722305389221557 0.077 0.11676646706586827
3 0.83475 0.4472305389221557 0.037 0.08233532934131738
3 0.96225 0.5729790419161677 0.03 0.04940119760479042
3 0.93525 0.6680389221556886 0.034 0.08383233532934133
3 0.86775 0.3027694610778443 0.059000000000000004 0.0688622754491018
