3 0.510125 0.4443333333333333 0.02825 0.03333333333333333
3 0.112125 0.5591666666666667 0.017750000000000002 0.023666666666666666
3 0.012 0.5519999999999999 0.024 0.026
3 0.058375 0.5481666666666667 0.01875 0.023666666666666666
3 0.263125 0.5368333333333333 0.017750000000000002 0.023666666666666666
3 0.577625 0.5598333333333333 0.01975 0.022333333333333334
3 0.528625 0.3383333333333333 0.03025 0.04
3 0.622375 0.41483333333333333 0.017750000000000002 0.023666666666666666
3 0.673 0.36333333333333334 0.027 0.026666666666666665
3 0.6235 0.5556666666666666 0.0345 0.03866666666666667
3 0.638625 0.49866666666666665 0.02925 0.03333333333333333
3 0.74125 0.414 0.028 0.03333333333333333
3 0.772 0.37166666666666665 0.023 0.029333333333333333
3 0.694375 0.4245 0.03025 0.043
3 0.680875 0.5153333333333333 0.017750000000000002 0.016666666666666666
3 0.648 0.5271666666666667 0.0125 0.012333333333333333
3 0.6725 0.5459999999999999 0.0115 0.019333333333333334
3 0.694875 0.566 0.02275 0.032
3 0.76675 0.5605 0.021 0.020999999999999998
3 0.813625 0.5056666666666666 0.13125 0.09733333333333333
3 0.19125 0.5973333333333333 0.0135 0.019333333333333334
