3 0.23425 0.39633233532934137 0.034 0.04940119760479042
3 0.32025 0.31773952095808383 0.024 0.03293413173652695
3 0.35625 0.313997005988024 0.028 0.058383233532934134
3 0.41575 0.23989520958083835 0.023 0.056886227544910184
3 0.41625 0.32672155688622756 0.04 0.04790419161676647
3 0.47325 0.3125 0.028 0.05239520958083833
3 0.46125 0.3821107784431138 0.04 0.07185628742514971
3 0.51975 0.32073353293413176 0.057 0.05389221556886228
3 0.20625000000000002 0.45321856287425155 0.058 0.06736526946107785
3 0.29625 0.6485778443113773 0.038 0.0688622754491018
3 0.63675 0.3289670658682635 0.031 0.040419161676646706
3 0.73925 0.3184880239520958 0.034 0.05239520958083833
3 0.61175 0.3978293413173653 0.039 0.05239520958083833
3 0.57225 0.407559880239521 0.024 0.029940119760479042
3 0.54025 0.4487275449101797 0.038 0.04341317365269461
3 0.39325 0.4315119760479042 0.054 0.056886227544910184
3 0.33475 0.5333083832335329 0.147 0.125748502994012
3 0.46475 0.531811377245509 0.085 0.11377245508982037
3 0.46325 0.6395958083832336 0.028 0.0658682634730539
3 0.56725 0.6223802395209581 0.12 0.12724550898203593
3 0.64825 0.6650449101796407 0.08 0.10778443113772455
3 0.69325 0.6186377245508983 0.034 0.059880239520958084
3 0.59225 0.49663173652694614 0.02 0.02544910179640719
3 0.63625 0.4539670658682635 0.028 0.029940119760479042
3 0.67725 0.4195359281437126 0.026000000000000002 0.029940119760479042
3 0.80725 0.5190868263473054 0.23800000000000002 0.2559880239520958
3 0.73825 0.7354041916167665 0.032 0.03293413173652695
