3 0.6095 0.4350673652694611 0.027 0.049026946107784436
3 0.29912500000000003 0.13398203592814373 0.03025 0.06511976047904192
3 0.45675 0.19011976047904192 0.0325 0.047155688622754495
3 0.042375 0.36133982035928147 0.04125 0.052020958083832336
3 0.18525 0.594498502994012 0.025 0.025823353293413176
3 0.113125 0.7464446107784432 0.07125000000000001 0.08196107784431138
3 0.11575 0.22717065868263475 0.025 0.04640718562874252
3 0.18775 0.0595059880239521 0.019 0.0344311377245509
3 0.14025 0.42702095808383234 0.026000000000000002 0.02694610778443114
3 0.11325 0.468188622754491 0.034 0.02544910179640719
3 0.22475 0.6770209580838323 0.025 0.023952095808383235
3 0.18625 0.4315119760479042 0.038 0.05389221556886228
3 0.40875 0.1500748502994012 0.021 0.04491017964071856
3 0.40375 0.21893712574850302 0.021 0.04191616766467066
3 0.46975 0.33345808383233533 0.027 0.04640718562874252
3 0.51375 0.35815868263473055 0.063 0.15568862275449102
1 0.76225 0.905314371257485 0.062 0.08832335329341318
