3 0.19475 0.5392964071856288 0.037 0.045658682634730545
3 0.232875 0.4137350299401198 0.02825 0.03255988023952096
3 0.76175 0.42028443113772457 0.069 0.07335329341317366
3 0.74025 0.2870508982035928 0.02 0.0344311377245509
3 0.7897500000000001 0.3162425149700599 0.033 0.04790419161676647
3 0.71425 0.6792664670658684 0.04 0.037425149700598806
3 0.62675 0.7466317365269461 0.027 0.02544910179640719
3 0.39825 0.7361526946107785 0.03 0.031437125748503
3 0.36175 0.6830089820359282 0.027 0.03293413173652695
3 0.31575000000000003 0.5812125748502994 0.027 0.035928143712574856
3 0.38775 0.5924401197604791 0.023 0.031437125748503
3 0.47875 0.5954341317365269 0.077 0.04940119760479042
3 0.40325 0.3880988023952096 0.022 0.02095808383233533
3 0.41475 0.5377994011976048 0.029 0.03293413173652695
3 0.44625000000000004 0.3903443113772455 0.026000000000000002 0.028443113772455092
3 0.52775 0.43226047904191617 0.077 0.11526946107784432
3 0.61575 0.4255239520958084 0.079 0.09880239520958084
3 0.68225 0.4502245508982036 0.03 0.06736526946107785
3 0.63475 0.499625748502994 0.027 0.037425149700598806
3 0.61675 0.5550149700598803 0.023 0.04940119760479042
