3 0.252375 0.531062874251497 0.07375 0.09730538922155689
3 0.47200000000000003 0.6470808383233533 0.0675 0.09880239520958084
3 0.673125 0.13978293413173654 0.04775 0.08645209580838324
3 0.6535 0.5245134730538923 0.052000000000000005 0.10741017964071857
3 0.70675 0.719124251497006 0.037 0.08944610778443114
3 0.821875 0.6027320359281437 0.04075 0.06399700598802395
3 0.71025 0.4483532934131737 0.0385 0.0531437125748503
3 0.382875 0.627619760479042 0.043250000000000004 0.07485029940119761
3 0.15912500000000002 0.20714820359281438 0.04425 0.08046407185628743
3 0.82825 0.5086077844311377 0.032 0.04940119760479042
3 0.27425 0.2967814371257485 0.04 0.10778443113772455
