3 0.63875 0.11845059880239521 0.0445 0.08944610778443114
3 0.70675 0.24962574850299402 0.0195 0.035928143712574856
3 0.748625 0.30501497005988026 0.02925 0.055389221556886234
3 0.776375 0.19760479041916168 0.02825 0.055389221556886234
3 0.88775 0.38136227544910184 0.023 0.08532934131736528
3 0.84975 0.23315868263473055 0.013000000000000001 0.019461077844311378
3 0.8582500000000001 0.27357784431137727 0.012 0.04640718562874252
3 0.68475 0.655314371257485 0.065 0.08832335329341318
3 0.7322500000000001 0.6493263473053893 0.016 0.016467065868263474
3 0.63875 0.62687125748503 0.019 0.028443113772455092
3 0.60875 0.656062874251497 0.015 0.029940119760479042
3 0.62975 0.5490269461077845 0.037 0.04640718562874252
3 0.6627500000000001 0.5363023952095809 0.025 0.059880239520958084
3 0.58325 0.6119011976047904 0.022 0.031437125748503
3 0.55125 0.6680389221556886 0.014 0.02095808383233533
3 0.51975 0.5550149700598803 0.037 0.05239520958083833
3 0.55325 0.5333083832335329 0.038 0.059880239520958084
3 0.53225 0.4629491017964072 0.026000000000000002 0.04191616766467066
3 0.49725 0.48315868263473055 0.038 0.06437125748502995
3 0.49275 0.38360778443113774 0.061 0.10179640718562875
3 0.42375 0.26085329341317365 0.021 0.04491017964071856
3 0.46425 0.4225299401197605 0.032 0.038922155688622756
3 0.46425 0.4779191616766467 0.03 0.035928143712574856
3 0.40275 0.5497754491017964 0.021 0.038922155688622756
3 0.36975 0.5445359281437127 0.011 0.01347305389221557
3 0.38425 0.4883982035928144 0.04 0.059880239520958084
3 0.42575 0.40531437125748504 0.029 0.07934131736526946
3 0.36325 0.4292664670658683 0.036000000000000004 0.04341317365269461
3 0.32875 0.35591317365269465 0.029 0.02245508982035928
3 0.35675 0.37986526946107785 0.037 0.04940119760479042
3 0.35925 0.31699101796407186 0.02 0.037425149700598806
3 0.39275 0.33869760479041916 0.043000000000000003 0.04491017964071856
3 0.32475 0.281062874251497 0.019 0.02245508982035928
3 0.32625 0.20172155688622756 0.014 0.037425149700598806
3 0.35725 0.1755239520958084 0.022 0.04790419161676647
3 0.39475 0.22417664670658685 0.013000000000000001 0.07934131736526946
3 0.42325 0.16130239520958084 0.016 0.05239520958083833
3 0.48475 0.6156437125748503 0.027 0.04790419161676647
