1 0.9217500000000001 0.8416916167664671 0.156 0.31437125748503
1 0.31375000000000003 0.3574101796407186 0.08700000000000001 0.07185628742514971
1 0.24475 0.3978293413173653 0.021 0.023952095808383235
1 0.41175 0.24962574850299402 0.075 0.08982035928143713
1 0.46475 0.29378742514970063 0.049 0.07335329341317366
1 0.57175 0.4008233532934132 0.027 0.02694610778443114
1 0.52625 0.29528443113772457 0.058 0.08532934131736528
1 0.61425 0.29528443113772457 0.064 0.04940119760479042
1 0.52575 0.188248502994012 0.045 0.038922155688622756
1 0.64075 0.3589071856287425 0.041 0.062874251497006
1 0.70075 0.3042664670658683 0.031 0.0344311377245509
1 0.45375 0.4539670658682635 0.041 0.07934131736526946
1 0.6617500000000001 0.041729041916167664 0.045 0.08345808383233533
1 0.74525 0.061938622754491024 0.076 0.12387724550898205
1 0.77425 0.15232035928143714 0.032 0.04790419161676647
