3 0.289875 0.42122005988023953 0.04025 0.06998502994011976
3 0.33175 0.4799775449101797 0.05 0.07971556886227546
3 0.382875 0.4603293413173653 0.02375 0.05389221556886228
3 0.3975 0.5407934131736527 0.025 0.048652694610778445
3 0.442125 0.502619760479042 0.02925 0.047155688622754495
3 0.498 0.5602544910179641 0.0195 0.038922155688622756
3 0.8745 0.5181511976047904 0.0425 0.035553892215568865
3 0.9243750000000001 0.3323353293413174 0.03075 0.029940119760479042
3 0.397125 0.20546407185628743 0.02625 0.07485029940119761
3 0.5327500000000001 0.5202095808383234 0.053 0.05613772455089821
3 0.95325 0.17402694610778444 0.018000000000000002 0.029940119760479042
3 0.97175 0.12387724550898205 0.021 0.0344311377245509
3 0.75475 0.628368263473054 0.023 0.02245508982035928
3 0.62775 0.8484281437125749 0.019 0.0344311377245509
3 0.68575 0.8633982035928144 0.029 0.037425149700598806
3 0.15637500000000001 0.782934131736527 0.12625 0.4333832335329342
3 0.30625 0.9217814371257486 0.03 0.04341317365269461
