0 0.28325 0.20733532934131738 0.0905 0.07784431137724551
0 0.420125 0.26047904191616766 0.01525 0.018712574850299403
0 0.29325 0.6605538922155689 0.017 0.02544910179640719
0 0.69375 0.7281062874251497 0.018000000000000002 0.03181137724550898
0 0.828125 0.7241766467065869 0.03125 0.04266467065868264
0 0.720125 0.9646332335329342 0.025750000000000002 0.03480538922155689
0 0.458 0.7876122754491018 0.025 0.03630239520958084
0 0.47950000000000004 0.971369760479042 0.032 0.05351796407185629
0 0.289875 0.9739895209580839 0.01875 0.016092814371257487
0 0.13575 0.8104416167664671 0.0145 0.022829341317365272
0 0.687625 0.20508982035928144 0.03175 0.047155688622754495
0 0.74625 0.2728293413173653 0.0105 0.021706586826347306
0 0.165 0.27994011976047906 0.0095 0.018712574850299403
