3 0.232625 0.9788547904191618 0.01925 0.030314371257485033
3 0.09025 0.659056886227545 0.042 0.08682634730538923
3 0.40475 0.596182634730539 0.057 0.0658682634730539
3 0.48875 0.6133982035928144 0.035 0.04341317365269461
3 0.47325 0.4854041916167665 0.074 0.15868263473053892
3 0.54675 0.4756736526946108 0.047 0.040419161676646706
3 0.62725 0.47342814371257486 0.032 0.04491017964071856
3 0.57275 0.5505239520958084 0.047 0.09730538922155689
3 0.39475 0.4487275449101797 0.047 0.10029940119760479
3 0.62875 0.6545658682634731 0.027 0.04790419161676647
3 0.10625 0.4629491017964072 0.138 0.11377245508982037
3 0.21075 0.534056886227545 0.115 0.1721556886227545
3 0.184125 0.2969685628742515 0.36825 0.3357035928143713
