3 0.41125 0.5535179640718563 0.024 0.037425149700598806
3 0.52725 0.4157934131736527 0.034 0.08233532934131738
3 0.57425 0.42702095808383234 0.028 0.038922155688622756
3 0.55825 0.5168413173652695 0.044 0.035928143712574856
3 0.54925 0.6081586826347306 0.032 0.04191616766467066
3 0.54975 0.7122005988023953 0.023 0.02544910179640719
3 0.57625 0.656062874251497 0.02 0.038922155688622756
3 0.62075 0.6493263473053893 0.023 0.05239520958083833
3 0.64775 0.6119011976047904 0.063 0.058383233532934134
3 0.42425 0.3102544910179641 0.032 0.04191616766467066
3 0.5317500000000001 0.34019461077844315 0.019 0.02095808383233533
3 0.58225 0.33645209580838326 0.064 0.1092814371257485
3 0.62725 0.29902694610778446 0.034 0.055389221556886234
