3 0.28775 0.0999251497005988 0.029500000000000002 0.055389221556886234
3 0.37175 0.31549401197604793 0.057 0.09730538922155689
3 0.33875 0.5235778443113773 0.07100000000000001 0.1062874251497006
3 0.48725 0.5220808383233533 0.164 0.12724550898203593
3 0.53225 0.3514221556886228 0.062 0.11526946107784432
3 0.55825 0.2571107784431138 0.03 0.0344311377245509
3 0.6012500000000001 0.3027694610778443 0.026000000000000002 0.04191616766467066
3 0.60275 0.37761976047904194 0.053 0.05089820359281438
3 0.64575 0.4172904191616767 0.019 0.0344311377245509
3 0.60675 0.6298652694610779 0.057 0.06736526946107785
