3 0.393625 0.3572230538922156 0.03125 0.06699101796407186
3 0.143125 0.5522080838323353 0.04675 0.06474550898203593
3 0.38425 0.7030314371257486 0.0155 0.04752994011976048
3 0.263 0.36133982035928147 0.077 0.10666167664670659
3 0.3385 0.4260853293413174 0.026000000000000002 0.04303892215568862
3 0.48462500000000003 0.31100299401197606 0.04125 0.05464071856287425
3 0.699125 0.8233532934131736 0.01425 0.031437125748503
3 0.30125 0.6987275449101796 0.04 0.08532934131736528
3 0.33025 0.6650449101796407 0.038 0.08682634730538923
3 0.13275 0.19573353293413176 0.027 0.04341317365269461
