0 0.167875 0.6472679640718563 0.03925 0.05726047904191617
0 0.335 0.5722305389221557 0.029 0.038922155688622756
0 0.293375 0.7395209580838323 0.03675 0.05239520958083833
0 0.536625 0.7400823353293413 0.06425 0.08570359281437126
0 0.530375 0.6085329341317366 0.03375 0.04416167664670659
0 0.6715 0.46538173652694614 0.021500000000000002 0.022829341317365272
0 0.7232500000000001 0.49887724550898205 0.0195 0.01721556886227545
0 0.785375 0.45340568862275454 0.02775 0.017589820359281437
0 0.62275 0.31904940119760483 0.017 0.02133233532934132
0 0.5465 0.814932634730539 0.043000000000000003 0.04827844311377246
0 0.755 0.6051646706586826 0.0365 0.029191616766467067
0 0.49375 0.6981661676646707 0.023 0.02881736526946108
0 0.309 0.9696856287425151 0.058 0.059880239520958084
0 0.894375 0.9429266467065869 0.01825 0.04603293413173653
