3 0.41575 0.7017215568862276 0.041 0.07634730538922156
3 0.76575 0.3828592814371258 0.029 0.04341317365269461
3 0.84775 0.4098053892215569 0.035 0.07335329341317366
3 0.69375 0.3888473053892216 0.045 0.04640718562874252
3 0.50225 0.5183383233532934 0.034 0.04790419161676647
3 0.46575 0.4562125748502994 0.039 0.09131736526946109
3 0.51525 0.41504491017964074 0.036000000000000004 0.07185628742514971
3 0.59375 0.31773952095808383 0.033 0.059880239520958084
3 0.68725 0.32297904191616766 0.04 0.04640718562874252
3 0.44875 0.33046407185628746 0.043000000000000003 0.055389221556886234
3 0.37075 0.47118263473053895 0.037 0.040419161676646706
3 0.25925 0.3948353293413174 0.034 0.058383233532934134
3 0.12775 0.4936377245508982 0.049 0.058383233532934134
3 0.051250000000000004 0.4951347305389222 0.042 0.040419161676646706
3 0.12275 0.4038173652694611 0.029 0.06137724550898204
