1 0.08575 0.09187874251497007 0.167 0.18375748502994013
1 0.04225 0.593937125748503 0.044 0.04790419161676647
1 0.28725 0.374625748502994 0.09 0.1032934131736527
1 0.32875 0.28405688622754494 0.033 0.038922155688622756
1 0.20875 0.48091317365269465 0.023 0.04341317365269461
1 0.39175 0.5692365269461078 0.055 0.06437125748502995
1 0.47825 0.4015718562874252 0.024 0.02544910179640719
1 0.53325 0.44049401197604793 0.032 0.04341317365269461
1 0.58425 0.6538173652694611 0.02 0.023952095808383235
1 0.39975 0.6800149700598803 0.043000000000000003 0.10029940119760479
1 0.57975 0.30127245508982037 0.047 0.04341317365269461
