3 0.259 0.47492514970059885 0.1 0.09580838323353294
3 0.56 0.405875748502994 0.0585 0.06848802395209581
3 0.43275 0.37331586826347307 0.043500000000000004 0.09094311377245509
3 0.36375 0.2674026946107785 0.0575 0.0782185628742515
3 0.5845 0.501122754491018 0.029500000000000002 0.037425149700598806
3 0.695875 0.6124625748502994 0.03275 0.029565868263473054
3 0.386125 0.628555389221557 0.02925 0.03330838323353293
3 0.1905 0.25074850299401197 0.021 0.04191616766467066
3 0.22275 0.30520209580838326 0.025 0.034056886227544915
3 0.503875 0.08982035928143713 0.029750000000000002 0.038922155688622756
1 0.590875 0.7017215568862276 0.21725 0.15119760479041916
3 0.66025 0.23465568862275452 0.042 0.19910179640718564
3 0.60925 0.12687125748502995 0.02 0.037425149700598806
3 0.58525 0.26758982035928147 0.05 0.06736526946107785
3 0.52675 0.21744011976047906 0.021 0.035928143712574856
3 0.30725 0.7892964071856288 0.052000000000000005 0.14371257485029942
3 0.25975 0.9247754491017964 0.125 0.13622754491017966
3 0.18475 0.7915419161676647 0.14300000000000002 0.15119760479041916
3 0.15625 0.9210329341317366 0.088 0.09580838323353294
3 0.37475 0.8955838323353293 0.083 0.10479041916167665
3 0.37075 0.7877994011976048 0.027 0.038922155688622756
3 0.056625 0.8757485029940121 0.11325 0.22080838323353294
3 0.87425 0.23839820359281438 0.046 0.05089820359281438
3 0.91625 0.3611526946107785 0.03 0.08083832335329341
3 0.94825 0.37163173652694614 0.028 0.07185628742514971
3 0.93575 0.26459580838323354 0.019 0.02544910179640719
