3 0.28350000000000003 0.534056886227545 0.051500000000000004 0.08233532934131738
3 0.316 0.7092065868263473 0.025 0.040419161676646706
3 0.403 0.7922904191616766 0.0185 0.056886227544910184
3 0.261125 0.815119760479042 0.03925 0.06661676646706587
3 0.414625 0.627994011976048 0.058750000000000004 0.07934131736526946
3 0.502875 0.533682634730539 0.01925 0.02245508982035928
3 0.591 0.531811377245509 0.0245 0.05913173652694611
3 0.27125 0.3669535928143713 0.1405 0.13285928143712575
3 0.45587500000000003 0.23690119760479042 0.01225 0.02095808383233533
3 0.20325000000000001 0.5351796407185629 0.018000000000000002 0.021706586826347306
3 0.182 0.7659056886227545 0.03 0.0407934131736527
3 0.50325 0.6191991017964072 0.0125 0.022080838323353294
3 0.6815 0.5136601796407186 0.032 0.03255988023952096
3 0.5595 0.23839820359281438 0.024 0.04640718562874252
3 0.764125 0.2945359281437126 0.02675 0.05763473053892216
3 0.31175 0.596182634730539 0.07100000000000001 0.05389221556886228
