0 0.89825 0.971182634730539 0.034 0.037425149700598806
3 0.52225 0.3731287425149701 0.036000000000000004 0.0688622754491018
3 0.60775 0.3199850299401198 0.031 0.06736526946107785
3 0.57375 0.47118263473053895 0.083 0.055389221556886234
3 0.45125 0.5587574850299402 0.054 0.05389221556886228
3 0.6627500000000001 0.4157934131736527 0.023 0.037425149700598806
3 0.56175 0.593188622754491 0.077 0.062874251497006
3 0.65825 0.62687125748503 0.036000000000000004 0.06437125748502995
3 0.75625 0.6732784431137725 0.07 0.08532934131736528
3 0.67825 0.5572604790419162 0.054 0.05089820359281438
3 0.76775 0.5602544910179641 0.095 0.08083832335329341
3 0.28975 0.8940868263473054 0.08700000000000001 0.15568862275449102
3 0.39025 0.38360778443113774 0.046 0.11676646706586827
3 0.33675 0.5265718562874252 0.035 0.055389221556886234
3 0.41875 0.49064371257485034 0.035 0.031437125748503
3 0.46775 0.45546407185628746 0.029 0.05089820359281438
3 0.21725 0.656811377245509 0.03 0.05239520958083833
3 0.47375 0.780314371257485 0.025 0.023952095808383235
3 0.83125 0.6231287425149701 0.036000000000000004 0.04491017964071856
