0 0.4815 0.5215194610778443 0.0225 0.024326347305389222
0 0.586 0.7470059880239521 0.0275 0.032185628742514974
0 0.727375 0.5952470059880239 0.05625 0.06699101796407186
0 0.77725 0.44348802395209586 0.0275 0.032185628742514974
0 0.030875 0.5041167664670659 0.01875 0.02544910179640719
0 0.577 0.30875748502994016 0.024 0.04191616766467066
0 0.5942500000000001 0.4288922155688623 0.0105 0.040419161676646706
0 0.54675 0.9752994011976048 0.021 0.035928143712574856
0 0.277875 0.6148952095808383 0.04025 0.033682634730538924
0 0.525375 0.4530314371257485 0.04425 0.05726047904191617
0 0.312375 0.5220808383233533 0.025750000000000002 0.04640718562874252
0 0.353125 0.4485404191616767 0.03125 0.035553892215568865
0 0.41575 0.5282559880239521 0.0245 0.037050898203592815
0 0.441625 0.5533308383233533 0.025750000000000002 0.031062874251497008
0 0.550625 0.5013098802395209 0.01875 0.024326347305389222
0 0.320875 0.5950598802395209 0.02075 0.028443113772455092
0 0.42462500000000003 0.6783308383233533 0.01975 0.028068862275449104
0 0.630125 0.8100673652694611 0.021750000000000002 0.022080838323353294
0 0.212375 0.6656062874251497 0.01525 0.029565868263473054
0 0.23125 0.7105164670658684 0.037 0.06100299401197605
0 0.629625 0.8093188622754491 0.021750000000000002 0.022080838323353294
0 0.646875 0.8579715568862276 0.017750000000000002 0.020583832335329344
0 0.616125 0.8821107784431138 0.02475 0.029191616766467067
0 0.585375 0.7788173652694611 0.02525 0.02544910179640719
0 0.57525 0.843001497005988 0.061 0.10366766467065869
