3 0.720875 0.6083458083832336 0.04125 0.060254491017964075
3 0.85775 0.9653817365269461 0.037 0.061751497005988025
3 0.74725 0.01815119760479042 0.032 0.03630239520958084
3 0.76675 0.0752245508982036 0.033 0.04191616766467066
3 0.78725 0.1433383233532934 0.032 0.04341317365269461
3 0.85775 0.2069610778443114 0.037 0.062874251497006
3 0.39225 0.41504491017964074 0.022 0.04191616766467066
3 0.29975 0.4330089820359282 0.021 0.035928143712574856
3 0.29675 0.3686377245508982 0.023 0.035928143712574856
3 0.30275 0.7032185628742516 0.041 0.055389221556886234
3 0.33025 0.624625748502994 0.032 0.03293413173652695
3 0.40125 0.5677395209580839 0.034 0.04790419161676647
3 0.36975 0.6972305389221557 0.053 0.05239520958083833
1 0.52425 0.688997005988024 0.218 0.25449101796407186
3 0.47175 0.48690119760479045 0.021 0.035928143712574856
3 0.55475 0.5707335329341318 0.035 0.035928143712574856
3 0.5992500000000001 0.5677395209580839 0.024 0.029940119760479042
