3 0.969875 0.29584580838323354 0.02825 0.034056886227544915
3 0.934 0.344685628742515 0.0305 0.037425149700598806
3 0.8975 0.4219685628742515 0.0205 0.03255988023952096
3 0.935875 0.6465194610778443 0.12775 0.28929640718562877
3 0.2095 0.6165793413173654 0.036000000000000004 0.034056886227544915
3 0.89925 0.9129865269461078 0.1975 0.17327844311377247
3 0.46625 0.3357035928143713 0.06 0.07784431137724551
3 0.58975 0.3514221556886228 0.027 0.04640718562874252
3 0.53525 0.37761976047904194 0.02 0.029940119760479042
3 0.42125 0.5145958083832336 0.024 0.04640718562874252
3 0.35325 0.23989520958083835 0.016 0.02694610778443114
3 0.38575 0.2578592814371258 0.033 0.05089820359281438
3 0.61775 0.3551646706586827 0.023 0.05089820359281438
3 0.56075 0.39932634730538924 0.025 0.037425149700598806
3 0.5972500000000001 0.42776946107784436 0.022 0.0344311377245509
3 0.63625 0.44199101796407186 0.026000000000000002 0.029940119760479042
3 0.68975 0.43001497005988026 0.013000000000000001 0.023952095808383235
3 0.74825 0.4607035928143713 0.038 0.040419161676646706
3 0.41575 0.27806886227544914 0.011 0.02245508982035928
3 0.71775 0.30202095808383234 0.013000000000000001 0.016467065868263474
3 0.47425 0.26758982035928147 0.012 0.02245508982035928
3 0.43775000000000003 0.6163922155688624 0.015 0.02245508982035928
3 0.41275 0.6388473053892216 0.009000000000000001 0.01347305389221557
3 0.42725 0.6695359281437127 0.024 0.029940119760479042
3 0.33275 0.6523203592814372 0.027 0.028443113772455092
3 0.5437500000000001 0.5714820359281437 0.027 0.08532934131736528
3 0.57375 0.5909431137724551 0.013000000000000001 0.016467065868263474
3 0.82275 0.4636976047904192 0.017 0.019461077844311378
3 0.81225 0.49663173652694614 0.012 0.031437125748503
3 0.75975 0.3663922155688623 0.013000000000000001 0.019461077844311378
3 0.79325 0.5505239520958084 0.012 0.019461077844311378
3 0.84775 0.6119011976047904 0.027 0.04640718562874252
3 0.84025 0.6710329341317366 0.064 0.07185628742514971
3 0.74725 0.628368263473054 0.016 0.02245508982035928
3 0.75725 0.7720808383233534 0.058 0.11227544910179642
3 0.79625 0.7166916167664671 0.012 0.016467065868263474
3 0.75575 0.6485778443113773 0.009000000000000001 0.017964071856287428
3 0.7837500000000001 0.6687874251497007 0.011 0.02245508982035928
3 0.74975 0.6949850299401198 0.031 0.038922155688622756
3 0.72475 0.6470808383233533 0.007 0.029940119760479042
3 0.70325 0.6695359281437127 0.014 0.029940119760479042
3 0.69425 0.7159431137724551 0.014 0.02694610778443114
3 0.69075 0.8282185628742516 0.011 0.023952095808383235
3 0.64975 0.6351047904191617 0.031 0.056886227544910184
3 0.61625 0.6493263473053893 0.012 0.0344311377245509
3 0.58275 0.6620508982035929 0.021 0.023952095808383235
3 0.64725 0.7668413173652695 0.014 0.02694610778443114
3 0.62125 0.8057634730538923 0.018000000000000002 0.011976047904191617
3 0.62375 0.8342065868263474 0.009000000000000001 0.014970059880239521
3 0.54725 0.7159431137724551 0.028 0.04491017964071856
3 0.47175 0.658308383233533 0.029 0.06137724550898204
