3 0.64125 0.4943862275449102 0.056 0.056886227544910184
3 0.70475 0.44648203592814373 0.023 0.029940119760479042
3 0.70125 0.5071107784431138 0.038 0.058383233532934134
3 0.65075 0.5857035928143713 0.045 0.07185628742514971
3 0.57825 0.5497754491017964 0.03 0.038922155688622756
3 0.55825 0.628368263473054 0.056 0.058383233532934134
3 0.50075 0.5639970059880239 0.017 0.016467065868263474
3 0.48325 0.5879491017964072 0.014 0.028443113772455092
3 0.43025 0.469685628742515 0.028 0.05239520958083833
3 0.46175 0.4921407185628743 0.023 0.04640718562874252
3 0.57725 0.49064371257485034 0.012 0.028443113772455092
3 0.38275000000000003 0.4726796407185629 0.021 0.0344311377245509
3 0.18675 0.5437874251497007 0.047 0.07784431137724551
3 0.24675 0.6762724550898204 0.037 0.04341317365269461
3 0.45325 0.6635479041916168 0.054 0.07784431137724551
3 0.40225 0.5954341317365269 0.064 0.055389221556886234
3 0.31725000000000003 0.5497754491017964 0.112 0.056886227544910184
3 0.24525 0.5999251497005988 0.054 0.08233532934131738
3 0.30825 0.688248502994012 0.06 0.13323353293413173
1 0.10925 0.6530688622754491 0.112 0.09281437125748504
2 0.15775 0.2653443113772455 0.013000000000000001 0.017964071856287428
2 0.14225000000000002 0.25112275449101795 0.01 0.019461077844311378
