0 0.312125 0.6452095808383234 0.025750000000000002 0.037425149700598806
0 0.13225 0.780314371257485 0.0375 0.06437125748502995
0 0.290125 0.845247005988024 0.01425 0.028068862275449104
0 0.524625 0.6038547904191617 0.02225 0.02657185628742515
0 0.47050000000000003 0.21145209580838326 0.016 0.020209580838323353
0 0.5335 0.2790044910179641 0.015 0.02657185628742515
0 0.6098750000000001 0.22754491017964074 0.02325 0.038922155688622756
0 0.11887500000000001 0.6485778443113773 0.01425 0.02245508982035928
0 0.113875 0.5703592814371258 0.01525 0.032185628742514974
0 0.8688750000000001 0.23746257485029942 0.01525 0.022829341317365272
0 0.878 0.3469311377245509 0.0125 0.020209580838323353
0 0.149125 0.4951347305389222 0.00875 0.014221556886227546
