0 0.421375 0.37350299401197606 0.02275 0.04640718562874252
0 0.283625 0.2576721556886228 0.03675 0.030314371257485033
0 0.209 0.40662425149700604 0.025500000000000002 0.0595059880239521
0 0.59475 0.21706586826347307 0.0185 0.035928143712574856
0 0.26937500000000003 0.3098802395209581 0.02475 0.026197604790419163
0 0.59975 0.36208832335329344 0.0195 0.035553892215568865
0 0.33775 0.26160179640718567 0.024 0.03967065868263473
0 0.382125 0.3510479041916168 0.03425 0.03967065868263473
0 0.343375 0.36433383233532934 0.02375 0.031062874251497008
0 0.5535 0.71875 0.027 0.043787425149700604
0 0.40225 0.4324476047904192 0.022 0.03330838323353293
0 0.374375 0.7062125748502994 0.02125 0.04116766467065869
0 0.49975 0.3938997005988024 0.028 0.046781437125748504
0 0.3525 0.18338323353293415 0.024 0.045658682634730545
0 0.595 0.5499625748502994 0.0225 0.02657185628742515
0 0.6385000000000001 0.34674401197604793 0.037 0.06699101796407186
0 0.64225 0.5295658682634731 0.027 0.0531437125748503
0 0.676 0.3549775449101797 0.018000000000000002 0.03480538922155689
0 0.24 0.7964071856287426 0.021 0.026197604790419163
0 0.6980000000000001 0.3061377245508982 0.02 0.03293413173652695
0 0.724625 0.36807634730538924 0.03725 0.05726047904191617
