3 0.55925 0.4539670658682635 0.028 0.05089820359281438
3 0.60875 0.5048652694610779 0.027 0.035928143712574856
3 0.57975 0.5797155688622755 0.043000000000000003 0.10179640718562875
3 0.63725 0.5737275449101796 0.028 0.035928143712574856
3 0.60925 0.7608532934131736 0.044 0.056886227544910184
3 0.23625000000000002 0.5565119760479043 0.036000000000000004 0.028443113772455092
3 0.16475 0.4098053892215569 0.171 0.14820359281437126
3 0.32125 0.43226047904191617 0.082 0.11526946107784432
3 0.40275 0.4958832335329342 0.065 0.08083832335329341
3 0.47425 0.45920658682634735 0.038 0.04341317365269461
3 0.48325 0.5767215568862276 0.1 0.11077844311377247
3 0.5427500000000001 0.6650449101796407 0.017 0.04491017964071856
3 0.5972500000000001 0.6725299401197605 0.074 0.07185628742514971
