0 0.192375 0.3493637724550898 0.02225 0.028068862275449104
0 0.46925 0.48278443113772457 0.026000000000000002 0.038922155688622756
0 0.20725000000000002 0.7146332335329342 0.011 0.01534431137724551
0 0.2005 0.6543787425149701 0.01 0.013098802395209582
0 0.2555 0.7906062874251497 0.025500000000000002 0.03255988023952096
0 0.483 0.625561377245509 0.021 0.035553892215568865
0 0.507125 0.8029565868263474 0.03075 0.03854790419161677
0 0.616375 0.5179640718562875 0.014750000000000001 0.03817365269461078
0 0.5025000000000001 0.5596931137724551 0.0165 0.022080838323353294
0 0.534 0.749251497005988 0.011 0.01721556886227545
0 0.55675 0.7460703592814372 0.0165 0.029565868263473054
0 0.474625 0.7387724550898204 0.01425 0.02544910179640719
0 0.65825 0.5297529940119761 0.006500000000000001 0.01160179640718563
0 0.432125 0.8184880239520959 0.01425 0.019461077844311378
