3 0.43675 0.41860029940119764 0.0285 0.045284431137724554
3 0.5745 0.3905314371257485 0.029500000000000002 0.07073353293413175
3 0.516375 0.503555389221557 0.03325 0.05501497005988024
3 0.51825 0.5800898203592815 0.043000000000000003 0.06362275449101797
3 0.56925 0.28050149700598803 0.035500000000000004 0.050523952095808386
3 0.487 0.2698353293413174 0.015 0.04341317365269461
3 0.516625 0.3104416167664671 0.01525 0.04453592814371258
3 0.604125 0.7799401197604791 0.04725 0.050149700598802395
3 0.5407500000000001 0.8862275449101797 0.012 0.026197604790419163
3 0.19775 0.4956961077844312 0.0365 0.035553892215568865
