3 0.51475 0.2848053892215569 0.027 0.03293413173652695
3 0.57475 0.29303892215568866 0.027 0.031437125748503
3 0.48375 0.3708832335329342 0.029 0.02544910179640719
3 0.45875 0.44947604790419166 0.041 0.029940119760479042
3 0.54525 0.4913922155688623 0.032 0.035928143712574856
3 0.52775 0.5280688622754491 0.017 0.028443113772455092
3 0.61525 0.48091317365269465 0.022 0.023952095808383235
3 0.65575 0.43375748502994016 0.015 0.02245508982035928
3 0.68925 0.4330089820359282 0.058 0.08083832335329341
3 0.49125 0.5160928143712575 0.10200000000000001 0.1631736526946108
3 0.41275 0.5056137724550899 0.023 0.02544910179640719
3 0.43375 0.531811377245509 0.017 0.02095808383233533
3 0.36625 0.5422904191616766 0.02 0.03293413173652695
3 0.39325 0.4824101796407186 0.012 0.014970059880239521
3 0.36875 0.47492514970059885 0.015 0.014970059880239521
3 0.33025 0.499625748502994 0.018000000000000002 0.02245508982035928
3 0.28875 0.4719311377245509 0.017 0.02095808383233533
3 0.32325 0.5759730538922156 0.026000000000000002 0.031437125748503
3 0.29725 0.5722305389221557 0.024 0.056886227544910184
3 0.20975 0.627619760479042 0.023 0.03293413173652695
3 0.24375 0.6425898203592815 0.023 0.02694610778443114
