3 0.380125 0.9288922155688624 0.01175 0.02095808383233533
3 0.664375 0.9638847305389222 0.06075 0.06474550898203593
3 0.9333750000000001 0.9580838323353293 0.11825000000000001 0.08308383233532934
3 0.82425 0.42627245508982037 0.076 0.07035928143712575
3 0.7957500000000001 0.38660179640718567 0.015 0.023952095808383235
3 0.69475 0.5879491017964072 0.227 0.20508982035928144
3 0.83975 0.5954341317365269 0.117 0.12425149700598803
3 0.86775 0.45172155688622756 0.037 0.09131736526946109
3 0.65275 0.2668413173652695 0.073 0.10479041916167665
3 0.50575 0.5288173652694611 0.035 0.056886227544910184
3 0.50925 0.6178892215568863 0.024 0.031437125748503
3 0.53225 0.7870508982035929 0.06 0.08233532934131738
3 0.34275 0.8274700598802396 0.017 0.019461077844311378
3 0.32775 0.8678892215568863 0.013000000000000001 0.016467065868263474
3 0.03675 0.7324101796407186 0.013000000000000001 0.02095808383233533
3 0.07225 0.748877245508982 0.042 0.04191616766467066
3 0.15075 0.688997005988024 0.063 0.03293413173652695
3 0.17875 0.7481287425149701 0.019 0.016467065868263474
3 0.16175 0.7735778443113773 0.013000000000000001 0.016467065868263474
3 0.22775 0.6373502994011977 0.023 0.028443113772455092
3 0.25375000000000003 0.624625748502994 0.027 0.038922155688622756
3 0.32725 0.6201347305389222 0.018000000000000002 0.023952095808383235
3 0.44525000000000003 0.5767215568862276 0.052000000000000005 0.11077844311377247
3 0.39575 0.6448353293413174 0.031 0.055389221556886234
3 0.44475000000000003 0.7151946107784432 0.021 0.019461077844311378
3 0.43125 0.7630988023952097 0.016 0.02245508982035928
3 0.38725 0.7945359281437127 0.012 0.016467065868263474
3 0.46625 0.7930389221556887 0.022 0.02544910179640719
3 0.45275 0.8401946107784432 0.019 0.017964071856287428
3 0.30825 0.374625748502994 0.188 0.23053892215568864
3 0.25925 0.5639970059880239 0.026000000000000002 0.040419161676646706
3 0.22175 0.5639970059880239 0.015 0.02544910179640719
3 0.17325000000000002 0.6029191616766467 0.016 0.02245508982035928
3 0.19325 0.5699850299401198 0.016 0.02245508982035928
3 0.24125 0.5190868263473054 0.01 0.016467065868263474
3 0.29325 0.5101047904191617 0.008 0.01347305389221557
3 0.32675 0.5602544910179641 0.017 0.02095808383233533
3 0.43975000000000003 0.34244011976047906 0.017 0.019461077844311378
3 0.44475000000000003 0.2601047904191617 0.013000000000000001 0.0344311377245509
3 0.58575 0.24139221556886228 0.037 0.04790419161676647
3 0.57925 0.2848053892215569 0.016 0.02694610778443114
3 0.60275 0.29154191616766467 0.015 0.02544910179640719
3 0.5982500000000001 0.37013473053892215 0.024 0.023952095808383235
3 0.6697500000000001 0.4569610778443114 0.023 0.04191616766467066
3 0.64925 0.4816616766467066 0.02 0.019461077844311378
3 0.56325 0.5333083832335329 0.024 0.02694610778443114
3 0.58575 0.721931137724551 0.031 0.04790419161676647
3 0.67675 0.7376497005988024 0.023 0.02245508982035928
3 0.68375 0.7645958083832336 0.011 0.02245508982035928
3 0.62175 0.7765718562874252 0.017 0.031437125748503
3 0.5387500000000001 0.3604041916167665 0.021 0.028443113772455092
3 0.48925 0.37687125748503 0.018000000000000002 0.02245508982035928
3 0.43575 0.3880988023952096 0.009000000000000001 0.008982035928143714
3 0.45525 0.39109281437125754 0.012 0.014970059880239521
3 0.46775 0.3065119760479042 0.013000000000000001 0.016467065868263474
3 0.48425 0.343937125748503 0.022 0.02544910179640719
3 0.42975 0.3125 0.015 0.02245508982035928
3 0.50075 0.3042664670658683 0.019 0.02095808383233533
3 0.5367500000000001 0.3027694610778443 0.031 0.017964071856287428
