2 0.31975000000000003 0.050336826347305394 0.0695 0.07971556886227546
3 0.13875 0.438997005988024 0.061 0.15868263473053892
3 0.29525 0.23016467065868265 0.068 0.06137724550898204
3 0.35625 0.3566616766467066 0.108 0.16766467065868265
3 0.60875 0.32672155688622756 0.131 0.10778443113772455
3 0.35375 0.534805389221557 0.047 0.0658682634730539
3 0.42325 0.6358532934131736 0.07200000000000001 0.11826347305389222
3 0.26575 0.688248502994012 0.031 0.05239520958083833
3 0.34475 0.7286676646706587 0.095 0.12125748502994013
3 0.53325 0.19199101796407186 0.038 0.05089820359281438
