3 0.07775 0.4756736526946108 0.023 0.11227544910179642
3 0.16825 0.40830838323353297 0.052000000000000005 0.04341317365269461
3 0.6042500000000001 0.29303892215568866 0.034 0.05239520958083833
3 0.68025 0.7114520958083833 0.028 0.04491017964071856
3 0.78325 0.6830089820359282 0.034 0.056886227544910184
3 0.7907500000000001 0.6119011976047904 0.041 0.040419161676646706
3 0.80975 0.5490269461077845 0.065 0.058383233532934134
3 0.02675 0.4098053892215569 0.025 0.037425149700598806
3 0.47675 0.24363772455089822 0.039 0.04341317365269461
3 0.36625 0.2473802395209581 0.05 0.04491017964071856
3 0.29875 0.30875748502994016 0.027 0.04191616766467066
3 0.24225 0.46893712574850305 0.054 0.07185628742514971
3 0.50725 0.4195359281437126 0.03 0.04191616766467066
3 0.58625 0.5692365269461078 0.062 0.062874251497006
3 0.45425 0.5377994011976048 0.08 0.059880239520958084
3 0.38525 0.6006736526946108 0.042 0.07185628742514971
3 0.41975 0.35441616766467066 0.053 0.08233532934131738
3 0.42475 0.4509730538922156 0.035 0.056886227544910184
3 0.59875 0.46519461077844315 0.063 0.09730538922155689
3 0.62125 0.3663922155688623 0.024 0.058383233532934134
3 0.67575 0.36564371257485034 0.069 0.11976047904191617
3 0.72875 0.5041167664670659 0.17300000000000001 0.12724550898203593
3 0.27125 0.5916916167664671 0.05 0.05089820359281438
