3 0.39675 0.8736901197604791 0.038 0.09318862275449102
3 0.512625 0.29921407185628746 0.04075 0.06923652694610778
3 0.54525 0.5078592814371258 0.012 0.01721556886227545
0 0.054875 0.7945359281437127 0.01825 0.0344311377245509
0 0.140875 0.8802395209580839 0.02125 0.018712574850299403
3 0.32925 0.7451347305389222 0.028 0.02544910179640719
3 0.66425 0.6014221556886228 0.024 0.04640718562874252
3 0.80475 0.44573353293413176 0.043000000000000003 0.031437125748503
3 0.79725 0.4936377245508982 0.032 0.04940119760479042
3 0.62075 0.4801646706586827 0.017 0.04940119760479042
3 0.57975 0.5235778443113773 0.027 0.04940119760479042
3 0.38525 0.6822604790419162 0.028 0.04640718562874252
3 0.26425 0.30800898203592814 0.028 0.031437125748503
3 0.14825 0.42776946107784436 0.068 0.07934131736526946
1 0.88225 0.6306137724550899 0.048 0.08083832335329341
