0 0.451 0.28031437125748504 0.016 0.032185628742514974
0 0.5816250000000001 0.3418787425149701 0.01875 0.029565868263473054
0 0.559 0.5729790419161677 0.034 0.04266467065868264
0 0.76925 0.5542664670658684 0.0225 0.037425149700598806
0 0.6723750000000001 0.7133233532934132 0.02875 0.023952095808383235
0 0.763875 0.6652320359281437 0.02225 0.02657185628742515
0 0.1495 0.6399700598802396 0.0205 0.032185628742514974
0 0.25675 0.687312874251497 0.0135 0.022829341317365272
0 0.006 0.2913547904191617 0.012 0.024326347305389222
0 0.34975 0.9221556886227545 0.043500000000000004 0.062874251497006
