0 0.77975 0.7438248502994013 0.0205 0.034056886227544915
0 0.00775 0.1914296407185629 0.0145 0.03181137724550898
0 0.402125 0.8532934131736527 0.01575 0.02095808383233533
0 0.62575 0.31680389221556887 0.0195 0.027320359281437126
0 0.659 0.37724550898203596 0.014 0.01721556886227545
0 0.42125 0.3858532934131737 0.0125 0.017964071856287428
0 0.51825 0.42440119760479045 0.015 0.021706586826347306
0 0.6465 0.5729790419161677 0.0185 0.02694610778443114
0 0.60775 0.8212949101796407 0.0265 0.04453592814371258
0 0.665125 0.7163173652694611 0.01925 0.029940119760479042
0 0.409875 0.8890344311377246 0.00825 0.022080838323353294
0 0.306 0.7281062874251497 0.0155 0.03255988023952096
0 0.284625 0.8031437125748504 0.012750000000000001 0.02320359281437126
0 0.27575 0.3323353293413174 0.0185 0.035179640718562874
0 0.5271250000000001 0.3858532934131737 0.01825 0.026197604790419163
0 0.550875 0.27750748502994016 0.02625 0.04229041916167665
0 0.790875 0.5469685628742516 0.03825 0.05351796407185629
0 0.6795 0.6526946107784432 0.0175 0.02544910179640719
0 0.659375 0.45583832335329344 0.01025 0.02470059880239521
