1 0.43275 0.6410928143712575 0.039 0.07485029940119761
1 0.35375 0.468188622754491 0.031 0.058383233532934134
1 0.32125 0.35815868263473055 0.062 0.08083832335329341
1 0.25075000000000003 0.3693862275449102 0.025 0.02544910179640719
1 0.19125 0.37013473053892215 0.034 0.03293413173652695
1 0.36875 0.7092065868263473 0.019 0.028443113772455092
1 0.51875 0.7256736526946108 0.097 0.09730538922155689
1 0.51475 0.5116017964071856 0.037 0.06736526946107785
1 0.46825 0.7758233532934132 0.034 0.035928143712574856
1 0.50325 0.8342065868263474 0.014 0.023952095808383235
1 0.50575 0.8985778443113773 0.033 0.0658682634730539
1 0.55525 0.8080089820359282 0.05 0.07335329341317366
1 0.59175 0.7653443113772456 0.039 0.07485029940119761
1 0.61525 0.6815119760479043 0.048 0.07784431137724551
1 0.61875 0.49887724550898205 0.059000000000000004 0.10479041916167665
1 0.34525 0.25860778443113774 0.042 0.055389221556886234
0 0.42675 0.16130239520958084 0.011 0.01347305389221557
0 0.29625 0.16504491017964074 0.016 0.011976047904191617
3 0.42025 0.23690119760479042 0.03 0.04790419161676647
3 0.38125000000000003 0.4315119760479042 0.05 0.10179640718562875
3 0.48025 0.3791167664670659 0.07 0.16467065868263475
3 0.55425 0.3476796407185629 0.088 0.16467065868263475
3 0.24225 0.156062874251497 0.032 0.04790419161676647
3 0.22125 0.24139221556886228 0.148 0.16167664670658682
