0 0.317 0.23970808383233536 0.023 0.046781437125748504
0 0.59475 0.21351047904191617 0.0375 0.058757485029940125
0 0.503625 0.532185628742515 0.035750000000000004 0.04940119760479042
0 0.232125 0.5690494011976048 0.03225 0.05351796407185629
0 0.36525 0.7288547904191617 0.05 0.06549401197604791
0 0.44375000000000003 0.7675898203592815 0.0375 0.059880239520958084
0 0.512125 0.7962200598802396 0.04725 0.08570359281437126
0 0.655375 0.9294535928143713 0.04275 0.1029191616766467
0 0.61075 0.5188997005988024 0.035500000000000004 0.046781437125748504
0 0.667 0.6446482035928144 0.034 0.046781437125748504
0 0.262125 0.8392589820359282 0.01725 0.025823353293413176
