3 0.35925 0.16729041916167667 0.028 0.0344311377245509
3 0.54125 0.04004491017964072 0.014 0.031437125748503
3 0.82275 0.2159431137724551 0.041 0.04491017964071856
3 0.61425 0.12462574850299402 0.046 0.062874251497006
3 0.78625 0.12088323353293413 0.04 0.055389221556886234
3 0.86275 0.26459580838323354 0.019 0.04640718562874252
3 0.83975 0.34244011976047906 0.033 0.058383233532934134
3 0.85775 0.4135479041916168 0.017 0.05089820359281438
3 0.70925 0.6852544910179641 0.024 0.031437125748503
3 0.63025 0.5999251497005988 0.048 0.06736526946107785
3 0.68125 0.6425898203592815 0.034 0.05089820359281438
3 0.67575 0.5460329341317366 0.049 0.04940119760479042
3 0.6707500000000001 0.4898952095808384 0.029 0.038922155688622756
3 0.69975 0.42702095808383234 0.039 0.07185628742514971
3 0.77425 0.37163173652694614 0.022 0.038922155688622756
3 0.74825 0.4015718562874252 0.02 0.038922155688622756
3 0.5407500000000001 0.6059131736526946 0.079 0.157185628742515
3 0.5972500000000001 0.6575598802395209 0.048 0.07485029940119761
3 0.56925 0.45321856287425155 0.10400000000000001 0.13922155688622756
3 0.64175 0.39708083832335334 0.033 0.0688622754491018
3 0.7927500000000001 0.27058383233532934 0.045 0.04940119760479042
3 0.71375 0.29154191616766467 0.055 0.12125748502994013
3 0.51175 0.7264221556886228 0.043000000000000003 0.04790419161676647
3 0.43525 0.7234281437125749 0.062 0.09880239520958084
3 0.41175 0.8005239520958084 0.029 0.07634730538922156
3 0.36775 0.7945359281437127 0.037 0.04940119760479042
3 0.35675 0.7391467065868264 0.029 0.06736526946107785
3 0.50125 0.37761976047904194 0.04 0.05389221556886228
3 0.68475 0.25486526946107785 0.025 0.038922155688622756
3 0.63275 0.3027694610778443 0.065 0.05389221556886228
3 0.65725 0.2601047904191617 0.026000000000000002 0.02245508982035928
3 0.38775 0.39932634730538924 0.089 0.09131736526946109
3 0.43675 0.43974550898203596 0.043000000000000003 0.055389221556886234
3 0.58375 0.3536676646706587 0.035 0.04491017964071856
3 0.47175 0.5482784431137725 0.07100000000000001 0.1317365269461078
3 0.31375000000000003 0.7773203592814372 0.039 0.12275449101796408
3 0.33875 0.6635479041916168 0.025 0.029940119760479042
3 0.40275 0.5400449101796407 0.097 0.14221556886227546
3 0.27625 0.3880988023952096 0.056 0.23652694610778444
3 0.32825 0.4225299401197605 0.062 0.24550898203592816
3 0.28925 0.5842065868263473 0.028 0.15568862275449102
3 0.65925 0.2069610778443114 0.024 0.04191616766467066
