3 0.41375 0.3706961077844312 0.401 0.2945359281437126
3 0.183375 0.1813248502994012 0.035750000000000004 0.052020958083832336
3 0.734 0.7694610778443114 0.0565 0.07335329341317366
3 0.964875 0.4936377245508982 0.04225 0.055389221556886234
3 0.9706250000000001 0.3972679640718563 0.05825 0.08720059880239521
3 0.9137500000000001 0.4326347305389222 0.025 0.02095808383233533
3 0.903 0.48053892215568866 0.0185 0.016467065868263474
3 0.699125 0.30482784431137727 0.04775 0.27357784431137727
3 0.441 0.08027694610778444 0.014 0.025823353293413176
3 0.49425 0.03817365269461078 0.0185 0.019461077844311378
3 0.8618750000000001 0.9936377245508983 0.02425 0.011976047904191617
3 0.8290000000000001 0.6055389221556886 0.033 0.02544910179640719
0 0.40625 0.750374251497006 0.034 0.035928143712574856
