1 0.129125 0.5920658682634731 0.25825 0.6429640718562875
1 0.7655000000000001 0.2748877245508982 0.203 0.22193113772455092
1 0.850625 0.10797155688622755 0.29825 0.2099550898203593
0 0.36062500000000003 0.7664670658682635 0.01625 0.018712574850299403
1 0.44425000000000003 0.29154191616766467 0.044 0.1287425149700599
1 0.41575 0.4098053892215569 0.08700000000000001 0.14970059880239522
1 0.48875 0.4038173652694611 0.057 0.08682634730538923
1 0.53625 0.29752994011976047 0.128 0.15568862275449102
1 0.47625 0.5407934131736527 0.17400000000000002 0.19311377245508984
1 0.50575 0.8858532934131738 0.077 0.125748502994012
