3 0.11075 0.5452844311377246 0.049 0.10179640718562875
3 0.37425 0.5101047904191617 0.068 0.08832335329341318
3 0.28325 0.6605538922155689 0.064 0.11377245508982037
3 0.33225 0.7705838323353293 0.084 0.11227544910179642
3 0.43425 0.8349550898203594 0.07200000000000001 0.058383233532934134
3 0.51325 0.8087574850299402 0.054 0.08383233532934133
3 0.35625 0.6620508982035929 0.016 0.02694610778443114
3 0.41025 0.6029191616766467 0.042 0.055389221556886234
3 0.59125 0.6044161676646707 0.092 0.13323353293413173
3 0.52725 0.282559880239521 0.078 0.13323353293413173
3 0.64225 0.3349550898203593 0.07 0.12724550898203593
3 0.67625 0.19947604790419163 0.022 0.035928143712574856
1 0.94775 0.468188622754491 0.073 0.11826347305389222
3 0.74825 0.44199101796407186 0.046 0.04790419161676647
3 0.30775 0.438997005988024 0.049 0.04790419161676647
3 0.19175 0.4472305389221557 0.055 0.09131736526946109
3 0.21675 0.843937125748503 0.031 0.06137724550898204
3 0.37625000000000003 0.25112275449101795 0.062 0.08832335329341318
3 0.10025 0.7930389221556887 0.032 0.05239520958083833
3 0.17775 0.6732784431137725 0.057 0.09431137724550899
