3 0.51575 0.625935628742515 0.033 0.045284431137724554
0 0.87125 0.17402694610778444 0.0145 0.01721556886227545
3 0.33075 0.46744011976047906 0.045 0.0688622754491018
3 0.40825 0.406062874251497 0.044 0.04191616766467066
3 0.48825 0.31175149700598803 0.03 0.04790419161676647
3 0.59975 0.3416916167664671 0.049 0.10179640718562875
3 0.49925 0.3843562874251497 0.022 0.031437125748503
3 0.47975 0.4472305389221557 0.049 0.06137724550898204
3 0.55925 0.7174401197604791 0.022 0.035928143712574856
3 0.6607500000000001 0.5258233532934132 0.067 0.062874251497006
3 0.86375 0.5722305389221557 0.08700000000000001 0.0688622754491018
3 0.37875000000000003 0.32747005988023953 0.029 0.04341317365269461
