3 0.6405 0.48708832335329344 0.05 0.0782185628742515
3 0.6845 0.3179266467065868 0.051000000000000004 0.07148203592814371
3 0.501875 0.36994760479041916 0.04225 0.049026946107784436
3 0.3925 0.2887350299401198 0.05 0.11714071856287425
3 0.22087500000000002 0.22024700598802396 0.06075 0.07148203592814371
3 0.093625 0.3903443113772455 0.07175000000000001 0.05389221556886228
1 0.53075 0.6815119760479043 0.069 0.0658682634730539
3 0.7212500000000001 0.3888473053892216 0.044 0.07035928143712575
3 0.70975 0.4943862275449102 0.029 0.0688622754491018
3 0.80175 0.49288922155688625 0.139 0.08682634730538923
3 0.80875 0.56624251497006 0.019 0.05089820359281438
