3 0.34025 0.41055389221556887 0.054 0.0658682634730539
3 0.433375 0.43675149700598803 0.05325 0.048652694610778445
3 0.27925 0.37986526946107785 0.05 0.08233532934131738
3 0.56225 0.33046407185628746 0.024 0.07335329341317366
3 0.42525 0.5415419161676647 0.022 0.04341317365269461
3 0.10575 0.3611526946107785 0.105 0.10479041916167665
3 0.20125 0.39109281437125754 0.07200000000000001 0.03293413173652695
3 0.32225 0.24663173652694612 0.016 0.028443113772455092
3 0.32775 0.3095059880239521 0.023 0.0344311377245509
3 0.18825 0.26833832335329344 0.016 0.035928143712574856
3 0.25725 0.24887724550898205 0.08 0.05389221556886228
