3 0.61325 0.7150074850299402 0.0585 0.07148203592814371
3 0.636 0.32447604790419166 0.037 0.045658682634730545
3 0.70675 0.3650823353293413 0.0565 0.08495508982035929
3 0.33975 0.3888473053892216 0.193 0.18712574850299402
3 0.48825 0.42103293413173654 0.076 0.05389221556886228
3 0.51775 0.5467814371257486 0.047 0.10179640718562875
3 0.40475 0.5879491017964072 0.157 0.14520958083832336
3 0.21025 0.7009730538922156 0.06 0.05389221556886228
3 0.29425 0.719685628742515 0.088 0.08233532934131738
1 0.11875000000000001 0.7324101796407186 0.107 0.09880239520958084
3 0.08375 0.19872754491017966 0.039 0.031437125748503
3 0.15175 0.016092814371257487 0.015 0.028443113772455092
3 0.21875 0.1126497005988024 0.041 0.056886227544910184
