3 0.390375 0.5570733532934132 0.04775 0.035553892215568865
3 0.36275 0.7630988023952097 0.025 0.027694610778443117
3 0.14925 0.7327844311377246 0.043500000000000004 0.048652694610778445
3 0.230125 0.6448353293413174 0.02075 0.029191616766467067
3 0.046375 0.6914296407185629 0.059750000000000004 0.050523952095808386
3 0.797125 0.6850673652694611 0.03175 0.04303892215568862
1 0.831875 0.9696856287425151 0.13375 0.059880239520958084
3 0.84175 0.6800149700598803 0.025 0.02694610778443114
3 0.76675 0.718937125748503 0.041 0.035928143712574856
3 0.71525 0.5452844311377246 0.034 0.035928143712574856
3 0.54725 0.33869760479041916 0.052000000000000005 0.08682634730538923
3 0.69075 0.3723802395209581 0.019 0.02544910179640719
3 0.27825 0.719685628742515 0.128 0.1032934131736527
