3 0.49025 0.5901946107784432 0.046 0.04491017964071856
3 0.47325 0.5145958083832336 0.024 0.031437125748503
1 0.84275 0.565494011976048 0.093 0.1092814371257485
3 0.41575 0.6740269461077845 0.073 0.1287425149700599
3 0.36925 0.7107035928143713 0.026000000000000002 0.04341317365269461
3 0.34225 0.7511227544910181 0.016 0.0344311377245509
3 0.37525000000000003 0.8080089820359282 0.026000000000000002 0.04640718562874252
3 0.42925 0.81624251497006 0.028 0.04790419161676647
3 0.62575 0.782559880239521 0.029 0.040419161676646706
3 0.69875 0.5744760479041916 0.019 0.031437125748503
3 0.19275 0.5699850299401198 0.075 0.07335329341317366
3 0.31475000000000003 0.534056886227545 0.019 0.02544910179640719
3 0.37575000000000003 0.534056886227545 0.019 0.028443113772455092
3 0.34525 0.596931137724551 0.032 0.04640718562874252
3 0.26075 0.6418413173652695 0.023 0.02544910179640719
3 0.27975 0.7099550898203594 0.07100000000000001 0.04790419161676647
