3 0.524625 0.19592065868263475 0.04025 0.04229041916167665
3 0.5796250000000001 0.407372754491018 0.021750000000000002 0.04229041916167665
3 0.633875 0.753181137724551 0.021750000000000002 0.05726047904191617
3 0.667125 0.37331586826347307 0.04025 0.08121257485029941
3 0.632875 0.4562125748502994 0.02625 0.048652694610778445
3 0.41625 0.29154191616766467 0.052000000000000005 0.055389221556886234
3 0.37425 0.4786676646706587 0.042 0.05239520958083833
3 0.43275 0.4794161676646707 0.045 0.056886227544910184
3 0.46425 0.4135479041916168 0.026000000000000002 0.07485029940119761
3 0.73675 0.374625748502994 0.023 0.062874251497006
3 0.31325000000000003 0.7990269461077845 0.046 0.08532934131736528
1 0.27725 0.5991766467065869 0.036000000000000004 0.03293413173652695
1 0.16425 0.5864520958083833 0.016 0.06137724550898204
1 0.31725000000000003 0.42776946107784436 0.016 0.031437125748503
1 0.31925000000000003 0.4973802395209581 0.016 0.04191616766467066
1 0.33675 0.5467814371257486 0.017 0.05089820359281438
3 0.35025 0.6171407185628743 0.076 0.0688622754491018
3 0.23675000000000002 0.35591317365269465 0.039 0.09131736526946109
3 0.30525 0.35591317365269465 0.046 0.04940119760479042
3 0.31075 0.30127245508982037 0.035 0.04790419161676647
3 0.34275 0.13959580838323354 0.047 0.062874251497006
3 0.17875 0.344685628742515 0.029 0.05389221556886228
3 0.23475000000000001 0.25636227544910184 0.019 0.062874251497006
3 0.10075 0.48465568862275454 0.029 0.040419161676646706
3 0.41175 0.16504491017964074 0.025 0.04491017964071856
3 0.37525000000000003 0.219685628742515 0.014 0.02245508982035928
3 0.45325 0.21070359281437126 0.016 0.02245508982035928
3 0.04475 0.37013473053892215 0.027 0.04491017964071856
