0 0.289625 0.8549775449101797 0.02725 0.04004491017964072
0 0.30225 0.25430389221556887 0.017 0.03330838323353293
0 0.580375 0.3070733532934132 0.01625 0.04004491017964072
0 0.6970000000000001 0.4139221556886228 0.017 0.032185628742514974
0 0.6125 0.24363772455089822 0.0195 0.035928143712574856
0 0.662 0.29247754491017963 0.008 0.016092814371257487
0 0.26275 0.6861901197604791 0.0275 0.03854790419161677
0 0.308875 0.8169910179640719 0.02475 0.0344311377245509
0 0.337875 0.7791916167664671 0.021750000000000002 0.03293413173652695
0 0.478125 0.7127619760479043 0.01025 0.016092814371257487
0 0.510875 0.8100673652694611 0.035250000000000004 0.05276946107784432
0 0.4585 0.8390718562874252 0.051000000000000004 0.06661676646706587
0 0.245625 0.8912799401197605 0.03625 0.05501497005988024
0 0.24975 0.7936002994011977 0.015 0.01908682634730539
0 0.318625 0.9244011976047904 0.01925 0.033682634730538924
0 0.36362500000000003 0.8845434131736527 0.03775 0.061751497005988025
0 0.355625 0.9479790419161678 0.04025 0.07260479041916168
0 0.309375 0.6231287425149701 0.01725 0.02245508982035928
0 0.113625 0.7964071856287426 0.02525 0.027694610778443117
0 0.12075 0.6420284431137725 0.019 0.024326347305389222
0 0.138125 0.5800898203592815 0.02025 0.017964071856287428
0 0.268625 0.7428892215568863 0.01025 0.019461077844311378
