3 0.075125 0.4569610778443114 0.03475 0.09580838323353294
3 0.203 0.656437125748503 0.0555 0.10404191616766467
3 0.1345 0.4416167664670659 0.0315 0.07185628742514971
3 0.245375 0.42122005988023953 0.04225 0.08645209580838324
3 0.340375 0.39109281437125754 0.07825 0.06511976047904192
3 0.357125 0.47342814371257486 0.07025 0.08982035928143713
3 0.49975 0.3650823353293413 0.0555 0.07148203592814371
3 0.54425 0.5359281437125749 0.0555 0.09431137724550899
3 0.6095 0.44648203592814373 0.0575 0.06811377245508983
3 0.755625 0.7458832335329342 0.02825 0.06511976047904192
3 0.46625 0.4794161676646707 0.084 0.10479041916167665
