3 0.10625 0.8044535928143713 0.025 0.05501497005988024
3 0.7535000000000001 0.1755239520958084 0.026000000000000002 0.06362275449101797
3 0.611125 0.6433383233532934 0.04575 0.058383233532934134
3 0.5417500000000001 0.9187874251497007 0.053 0.10029940119760479
3 0.15725 0.8327095808383234 0.038 0.05389221556886228
3 0.40725 0.6837574850299402 0.042 0.06137724550898204
3 0.51875 0.5595059880239521 0.057 0.058383233532934134
3 0.33125 0.8446856287425151 0.046 0.09281437125748504
3 0.18275 0.6313622754491018 0.033 0.055389221556886234
3 0.14025 0.7159431137724551 0.028 0.07485029940119761
3 0.19525 0.7062125748502994 0.034 0.04341317365269461
