0 0.662875 0.5570733532934132 0.05625 0.0722305389221557
0 0.532125 0.5684880239520959 0.03025 0.06811377245508983
0 0.45275 0.5450973053892216 0.05 0.08570359281437126
0 0.4 0.6326721556886228 0.018000000000000002 0.046781437125748504
0 0.41925 0.44947604790419166 0.015 0.05763473053892216
0 0.45 0.4333832335329342 0.016 0.035928143712574856
0 0.036125 0.7247380239520959 0.01525 0.03330838323353293
0 0.1005 0.09318862275449102 0.0225 0.04266467065868264
0 0.812 0.2717065868263473 0.029500000000000002 0.02544910179640719
0 0.413875 0.968001497005988 0.025750000000000002 0.060254491017964075
0 0.917375 0.07335329341317366 0.029750000000000002 0.040419161676646706
0 0.944375 0.06699101796407186 0.00875 0.018712574850299403
