3 0.392 0.374812874251497 0.025 0.03929640718562875
3 0.6627500000000001 0.6212574850299402 0.0665 0.07634730538922156
3 0.63725 0.3847305389221557 0.026000000000000002 0.035928143712574856
3 0.352375 0.18600299401197606 0.02625 0.045658682634730545
3 0.7282500000000001 0.6216317365269461 0.03 0.04191616766467066
3 0.46975 0.017402694610778445 0.035 0.03480538922155689
0 0.85975 0.9562125748502994 0.043000000000000003 0.0344311377245509
0 0.90075 0.9187874251497007 0.027 0.031437125748503
0 0.96975 0.41803892215568866 0.021 0.04790419161676647
0 0.95175 0.6418413173652695 0.041 0.028443113772455092
