3 0.22037500000000002 0.3723802395209581 0.035750000000000004 0.04416167664670659
3 0.348125 0.4375 0.03475 0.04416167664670659
3 0.38775 0.48633982035928147 0.0335 0.043787425149700604
3 0.46325 0.42215568862275454 0.024 0.038922155688622756
3 0.567625 0.38136227544910184 0.03675 0.04266467065868264
3 0.5475 0.46107784431137727 0.027 0.038922155688622756
3 0.652375 0.5585703592814372 0.01975 0.03255988023952096
3 0.274875 0.9825973053892216 0.02325 0.034056886227544915
3 0.080125 0.9526571856287426 0.02275 0.04229041916167665
3 0.1315 0.9818488023952097 0.025500000000000002 0.035553892215568865
3 0.40225 0.9842814371257486 0.03 0.03068862275449102
3 0.514875 0.9354416167664671 0.02925 0.02133233532934132
3 0.588875 0.9249625748502994 0.02275 0.03255988023952096
3 0.672 0.627806886227545 0.024 0.02133233532934132
3 0.65125 0.6955464071856288 0.0175 0.022829341317365272
3 0.43125 0.6111526946107785 0.016 0.023952095808383235
3 0.40925 0.8761227544910181 0.014 0.017964071856287428
3 0.63325 0.9644461077844312 0.02 0.029940119760479042
3 0.56125 0.9569610778443114 0.016 0.03293413173652695
3 0.28625 0.33645209580838326 0.02 0.06137724550898204
3 0.32075 0.33869760479041916 0.025 0.05389221556886228
3 0.32275 0.27806886227544914 0.039 0.04640718562874252
3 0.34925 0.33869760479041916 0.026000000000000002 0.05089820359281438
3 0.38875 0.3252245508982036 0.033 0.062874251497006
3 0.42275 0.32447604790419166 0.035 0.07035928143712575
3 0.46225 0.32447604790419166 0.032 0.058383233532934134
3 0.15475 0.939745508982036 0.021 0.028443113772455092
