3 0.76375 0.12537425149700598 0.031 0.04940119760479042
3 0.83975 0.13061377245508982 0.025 0.04491017964071856
3 0.89475 0.0722305389221557 0.025 0.04191616766467066
3 0.95175 0.10890718562874252 0.023 0.0344311377245509
3 0.67875 0.07447604790419163 0.021 0.031437125748503
3 0.55375 0.5250748502994013 0.017 0.02544910179640719
3 0.48975 0.41279940119760483 0.031 0.037425149700598806
3 0.34725 0.1687874251497006 0.016 0.04341317365269461
3 0.39425 0.09842814371257486 0.032 0.04341317365269461
3 0.36425 0.3880988023952096 0.024 0.04491017964071856
3 0.32575 0.5288173652694611 0.061 0.10778443113772455
3 0.26325 0.4098053892215569 0.074 0.07934131736526946
3 0.25125000000000003 0.27956586826347307 0.032 0.040419161676646706
3 0.27825 0.23465568862275452 0.03 0.028443113772455092
3 0.28375 0.08495508982035929 0.025 0.04640718562874252
