3 0.3545 0.5359281437125749 0.0565 0.11077844311377247
3 0.604 0.5537050898203593 0.036000000000000004 0.052020958083832336
3 0.4865 0.5714820359281437 0.1 0.09505988023952096
3 0.40725 0.7256736526946108 0.10300000000000001 0.17814371257485032
3 0.163875 0.40250748502994016 0.09025 0.156062874251497
3 0.1975 0.6360404191616766 0.04 0.034056886227544915
3 0.359875 0.3922155688622755 0.07975 0.08757485029940121
3 0.2255 0.1345434131736527 0.0405 0.04752994011976048
3 0.28325 0.6051646706586826 0.07200000000000001 0.062874251497006
3 0.43375 0.40905688622754494 0.029 0.04491017964071856
3 0.50275 0.4936377245508982 0.069 0.040419161676646706
