3 0.19825 0.42702095808383234 0.066 0.07784431137724551
3 0.25025000000000003 0.4943862275449102 0.05 0.08682634730538923
3 0.28875 0.32747005988023953 0.063 0.07335329341317366
3 0.40475 0.38735029940119764 0.033 0.04341317365269461
3 0.44325000000000003 0.500374251497006 0.028 0.05089820359281438
3 0.39875 0.5797155688622755 0.025 0.03293413173652695
3 0.54325 0.5677395209580839 0.074 0.11377245508982037
3 0.71775 0.5572604790419162 0.049 0.08682634730538923
3 0.66025 0.5565119760479043 0.092 0.10029940119760479
3 0.57375 0.44573353293413176 0.045 0.07035928143712575
3 0.55025 0.3686377245508982 0.036000000000000004 0.056886227544910184
3 0.62725 0.2750748502994012 0.058 0.07035928143712575
3 0.39025 0.23241017964071858 0.042 0.04491017964071856
0 0.26925 0.15830838323353294 0.012 0.01347305389221557
3 0.34825 0.1717814371257485 0.03 0.05239520958083833
3 0.7887500000000001 0.468188622754491 0.039 0.06736526946107785
3 0.7242500000000001 0.42477544910179643 0.066 0.04341317365269461
3 0.82825 0.40306886227544914 0.094 0.07185628742514971
1 0.37525000000000003 0.6403443113772456 0.052000000000000005 0.07035928143712575
