0 0.28375 0.251309880239521 0.045 0.06474550898203593
0 0.504375 0.5980538922155689 0.03275 0.0531437125748503
0 0.6900000000000001 0.5671781437125749 0.0325 0.04303892215568862
0 0.7405 0.5980538922155689 0.022 0.04191616766467066
0 0.7408750000000001 0.6493263473053893 0.02875 0.037425149700598806
0 0.665 0.7786302395209581 0.021 0.03181137724550898
0 0.072625 0.3353293413173653 0.02125 0.040419161676646706
0 0.45725 0.2058383233532934 0.0135 0.026197604790419163
0 0.327875 0.16485778443113774 0.02025 0.024326347305389222
0 0.228 0.21163922155688625 0.0125 0.014595808383233533
