0 0.093875 0.13229790419161677 0.02875 0.06923652694610778
0 0.21025 0.05258233532934132 0.0135 0.030314371257485033
0 0.18175 0.7318488023952097 0.051000000000000004 0.07073353293413175
0 0.041 0.7765718562874252 0.0155 0.038922155688622756
0 0.08275 0.7930389221556887 0.02 0.040419161676646706
0 0.036125 0.84562125748503 0.03275 0.030314371257485033
0 0.017875000000000002 0.9118637724550899 0.02675 0.05351796407185629
0 0.225 0.8663922155688624 0.0395 0.040419161676646706
0 0.41450000000000004 0.6463323353293413 0.026000000000000002 0.040419161676646706
0 0.39625 0.5188997005988024 0.026000000000000002 0.030314371257485033
0 0.216375 0.6046032934131736 0.02225 0.060254491017964075
