3 0.07575 0.28049999999999997 0.0425 0.04766666666666666
3 0.101375 0.3443333333333333 0.05225 0.03933333333333333
3 0.164875 0.3363333333333333 0.02075 0.026
0 0.50275 0.15066666666666667 0.0145 0.03333333333333333
0 0.449125 0.17433333333333334 0.00925 0.016666666666666666
3 0.17350000000000002 0.08766666666666667 0.0405 0.09999999999999999
3 0.112125 0.1335 0.04275 0.058333333333333334
3 0.106875 0.20283333333333334 0.03025 0.039
3 0.074 0.22933333333333333 0.029 0.03333333333333333
3 0.165125 0.16616666666666666 0.06575 0.05433333333333333
3 0.481375 0.2065 0.043750000000000004 0.043
3 0.432375 0.25716666666666665 0.01875 0.024999999999999998
3 0.5161250000000001 0.289 0.04475 0.05533333333333333
3 0.46 0.32866666666666666 0.026000000000000002 0.029333333333333333
3 0.632875 0.21333333333333332 0.06125 0.09333333333333332
3 0.5365 0.23199999999999998 0.021 0.036
3 0.563125 0.364 0.021750000000000002 0.03866666666666667
3 0.576625 0.5911666666666666 0.03425 0.03766666666666667
3 0.6411250000000001 0.6361666666666667 0.04475 0.039
3 0.660375 0.5743333333333334 0.043750000000000004 0.06533333333333333
3 0.813625 0.587 0.06675 0.06799999999999999
3 0.8735 0.6223333333333333 0.028 0.030666666666666665
3 0.833875 0.4925 0.01575 0.034999999999999996
3 0.687625 0.4425 0.03125 0.04033333333333333
3 0.7036250000000001 0.32316666666666666 0.05525 0.056999999999999995
3 0.725125 0.364 0.04575 0.028
3 0.781875 0.35233333333333333 0.07175000000000001 0.06799999999999999
3 0.765625 0.4105 0.03125 0.03766666666666667
3 0.76775 0.47733333333333333 0.0585 0.051333333333333335
3 0.813125 0.428 0.05325 0.08066666666666666
3 0.832875 0.3113333333333333 0.07375 0.13066666666666665
