1 0.976625 0.7900449101796407 0.04625 0.07485029940119761
3 0.25825 0.5385479041916168 0.048 0.04940119760479042
3 0.20625000000000002 0.5101047904191617 0.018000000000000002 0.0344311377245509
3 0.39875 0.44648203592814373 0.013000000000000001 0.029940119760479042
3 0.33875 0.5452844311377246 0.029 0.029940119760479042
3 0.36325 0.5767215568862276 0.014 0.035928143712574856
3 0.40425 0.563248502994012 0.032 0.035928143712574856
3 0.44625000000000004 0.5580089820359282 0.036000000000000004 0.05239520958083833
3 0.47075 0.502619760479042 0.017 0.040419161676646706
3 0.48475 0.5580089820359282 0.021 0.02544910179640719
3 0.50225 0.4854041916167665 0.014 0.03293413173652695
3 0.54575 0.531811377245509 0.021 0.029940119760479042
3 0.52625 0.5572604790419162 0.018000000000000002 0.02095808383233533
3 0.50425 0.7286676646706587 0.052000000000000005 0.028443113772455092
3 0.54925 0.6021706586826348 0.026000000000000002 0.035928143712574856
