3 0.033375 0.1755239520958084 0.06425 0.125
0 0.09525 0.22492514970059882 0.01 0.029940119760479042
3 0.24575 0.1912425149700599 0.027 0.040419161676646706
3 0.24025 0.37013473053892215 0.024 0.056886227544910184
3 0.33225 0.24588323353293415 0.048 0.05389221556886228
3 0.31325000000000003 0.4913922155688623 0.052000000000000005 0.10479041916167665
3 0.45325 0.4607035928143713 0.03 0.0344311377245509
3 0.40975 0.4861526946107785 0.019 0.02245508982035928
3 0.29925 0.6433383233532934 0.068 0.08233532934131738
3 0.27225 0.46519461077844315 0.018000000000000002 0.040419161676646706
3 0.25325000000000003 0.5400449101796407 0.05 0.09730538922155689
3 0.46175 0.32447604790419166 0.031 0.040419161676646706
3 0.37925000000000003 0.6717814371257486 0.022 0.02544910179640719
0 0.46925 0.7556137724550899 0.01 0.019461077844311378
3 0.76375 0.018899700598802395 0.055 0.03779940119760479
3 0.918 0.16074101796407186 0.1635 0.32073353293413176
