0 0.637625 0.19779191616766467 0.04525 0.050523952095808386
0 0.706375 0.25112275449101795 0.01525 0.018712574850299403
0 0.607375 0.37556137724550903 0.01725 0.02881736526946108
0 0.716 0.5132859281437127 0.025 0.027320359281437126
0 0.73375 0.6223802395209581 0.0335 0.05613772455089821
0 0.887125 0.1787050898203593 0.22525 0.16205089820359284
0 0.291 0.3001497005988024 0.0365 0.038922155688622756
0 0.32025 0.4038173652694611 0.026000000000000002 0.03293413173652695
0 0.30775 0.4814745508982036 0.051000000000000004 0.06474550898203593
0 0.387625 0.7692739520958084 0.01825 0.030314371257485033
0 0.380875 0.8693862275449102 0.03375 0.048652694610778445
0 0.482375 0.846369760479042 0.01925 0.03480538922155689
0 0.673125 0.8334580838323353 0.029750000000000002 0.040419161676646706
0 0.712125 0.7464446107784432 0.02875 0.027320359281437126
0 0.982875 0.41654191616766467 0.03175 0.018712574850299403
