3 0.687125 0.594498502994012 0.04575 0.04229041916167665
3 0.70025 0.8622754491017964 0.063 0.06362275449101797
3 0.54225 0.28405688622754494 0.022 0.040419161676646706
3 0.46825 0.345434131736527 0.026000000000000002 0.04940119760479042
3 0.29175 0.32073353293413176 0.025 0.0688622754491018
3 0.6607500000000001 0.4958832335329342 0.029 0.029940119760479042
3 0.70925 0.4779191616766467 0.03 0.04491017964071856
3 0.81425 0.5752245508982037 0.03 0.023952095808383235
3 0.57375 0.659805389221557 0.037 0.04940119760479042
3 0.83775 0.815494011976048 0.085 0.11826347305389222
