0 0.64625 0.23315868263473055 0.0125 0.028443113772455092
0 0.7245 0.31455838323353297 0.025 0.08196107784431138
0 0.681875 0.3196107784431138 0.02025 0.037425149700598806
0 0.659625 0.37930389221556887 0.01825 0.04752994011976048
0 0.788125 0.30931886227544914 0.01725 0.02881736526946108
0 0.704875 0.4584580838323354 0.01425 0.029940119760479042
0 0.573625 0.5924401197604791 0.01725 0.035928143712574856
0 0.61875 0.72249251497006 0.0115 0.025823353293413176
0 0.78325 0.7376497005988024 0.029 0.021706586826347306
0 0.824625 0.561377245508982 0.03475 0.04341317365269461
0 0.850625 0.6197604790419162 0.01925 0.018712574850299403
0 0.44425000000000003 0.06624251497005988 0.197 0.13248502994011976
0 0.364 0.17982784431137724 0.0135 0.04303892215568862
0 0.365875 0.27994011976047906 0.01725 0.038922155688622756
0 0.30725 0.24176646706586827 0.0115 0.026197604790419163
0 0.247625 0.06418413173652696 0.02125 0.04752994011976048
0 0.242 0.008607784431137725 0.0135 0.01721556886227545
