3 0.202375 0.156811377245509 0.06525 0.062125748502994016
3 0.264875 0.2251122754491018 0.02275 0.049026946107784436
3 0.380125 0.15755988023952097 0.14475 0.14820359281437126
3 0.56925 0.2226796407185629 0.0555 0.09281437125748504
3 0.42912500000000003 0.3862275449101797 0.03375 0.07485029940119761
3 0.579 0.6474550898203594 0.1315 0.2065868263473054
3 0.758375 0.561938622754491 0.07925 0.058757485029940125
3 0.761125 0.25860778443113774 0.06525 0.07634730538922156
0 0.12275 0.7419535928143713 0.023 0.050523952095808386
3 0.74075 0.4000748502994012 0.029 0.0658682634730539
1 0.82475 0.45770958083832336 0.029 0.04341317365269461
