3 0.48662500000000003 0.2591691616766467 0.09225 0.18226047904191617
3 0.59375 0.10722305389221558 0.0565 0.060254491017964075
3 0.811125 0.1747754491017964 0.05225 0.09131736526946109
3 0.7947500000000001 0.34805389221556887 0.0325 0.09281437125748504
3 0.759375 0.5366766467065869 0.04025 0.09281437125748504
3 0.7322500000000001 0.7979041916167665 0.051000000000000004 0.17589820359281438
3 0.60675 0.8880988023952097 0.111 0.1317365269461078
3 0.656125 0.566055389221557 0.04025 0.07297904191616766
3 0.685 0.374812874251497 0.0415 0.06848802395209581
3 0.659 0.468562874251497 0.026000000000000002 0.047155688622754495
