3 0.345875 0.4562125748502994 0.07375 0.11077844311377247
3 0.42362500000000003 0.46126497005988026 0.04225 0.04229041916167665
3 0.390125 0.23933383233532934 0.03625 0.05800898203592815
3 0.578 0.3194236526946108 0.075 0.0782185628742515
3 0.412125 0.5578218562874252 0.07175000000000001 0.06998502994011976
3 0.48775 0.6141467065868264 0.062 0.09431137724550899
3 0.7595000000000001 0.5986152694610779 0.0185 0.08645209580838324
3 0.864375 0.4350673652694611 0.08925 0.13959580838323354
3 0.648 0.4895209580838324 0.089 0.06661676646706587
3 0.739375 0.4253368263473054 0.07175000000000001 0.061751497005988025
3 0.179 0.6205089820359282 0.0575 0.06511976047904192
3 0.83325 0.534056886227545 0.024 0.055389221556886234
3 0.87925 0.5377994011976048 0.022 0.04790419161676647
3 0.64325 0.6141467065868264 0.064 0.09281437125748504
3 0.70675 0.6074101796407186 0.043000000000000003 0.055389221556886234
3 0.42875 0.26833832335329344 0.037 0.05089820359281438
