3 0.29425 0.4416167664670659 0.0205 0.045658682634730545
3 0.301875 0.11938622754491018 0.02925 0.035928143712574856
3 0.49875 0.44199101796407186 0.017 0.023952095808383235
3 0.28075 0.24887724550898205 0.065 0.07485029940119761
3 0.38225000000000003 0.219685628742515 0.024 0.037425149700598806
3 0.35975 0.5684880239520959 0.033 0.055389221556886234
3 0.40525 0.5183383233532934 0.034 0.04191616766467066
3 0.40575 0.5707335329341318 0.041 0.062874251497006
3 0.44275000000000003 0.6433383233532934 0.017 0.06137724550898204
3 0.47725 0.719685628742515 0.016 0.04341317365269461
3 0.46725 0.7713323353293413 0.028 0.035928143712574856
3 0.51825 0.7391467065868264 0.016 0.02544910179640719
3 0.44425000000000003 0.5295658682634731 0.012 0.01347305389221557
3 0.47725 0.5572604790419162 0.042 0.04191616766467066
3 0.53425 0.5924401197604791 0.07200000000000001 0.04940119760479042
3 0.5427500000000001 0.5490269461077845 0.015 0.016467065868263474
3 0.57075 0.5123502994011976 0.019 0.02095808383233533
3 0.61325 0.623877245508982 0.078 0.20209580838323354
