3 0.1915 0.5041167664670659 0.063 0.08308383233532934
3 0.28775 0.5198353293413174 0.035500000000000004 0.03667664670658683
3 0.327625 0.5705464071856288 0.04075 0.05127245508982036
3 0.43075 0.5387350299401198 0.021500000000000002 0.024326347305389222
3 0.499625 0.45958083832335334 0.02725 0.035928143712574856
3 0.56225 0.4912050898203593 0.0325 0.043787425149700604
3 0.614375 0.5065494011976048 0.03275 0.052020958083832336
3 0.628375 0.5806511976047904 0.021750000000000002 0.043787425149700604
3 0.633875 0.7279191616766467 0.03275 0.045658682634730545
3 0.6775 0.5039296407185629 0.0265 0.03181137724550898
3 0.789 0.3504865269461078 0.146 0.1657934131736527
3 0.87075 0.7778817365269461 0.2575 0.23764970059880242
