3 0.20075 0.5905688622754491 0.0205 0.027694610778443117
3 0.414875 0.4504116766467066 0.02075 0.043787425149700604
3 0.31925000000000003 0.5920658682634731 0.036000000000000004 0.06661676646706587
3 0.36925 0.6100299401197605 0.023 0.040419161676646706
3 0.34725 0.6695359281437127 0.04 0.04790419161676647
3 0.40275 0.6695359281437127 0.039 0.062874251497006
3 0.48525 0.7039670658682635 0.014 0.02694610778443114
3 0.26325 0.6448353293413174 0.028 0.04341317365269461
3 0.46675 0.39708083832335334 0.015 0.023952095808383235
3 0.32325 0.345434131736527 0.016 0.028443113772455092
3 0.36525 0.5460329341317366 0.024 0.028443113772455092
3 0.39825 0.5415419161676647 0.032 0.040419161676646706
3 0.46275 0.5175898203592815 0.075 0.10029940119760479
