3 0.111125 0.37967814371257486 0.021750000000000002 0.04229041916167665
3 0.196875 0.33420658682634735 0.03475 0.07784431137724551
3 0.14975 0.37799401197604793 0.0185 0.045658682634730545
3 0.222 0.21220059880239522 0.043500000000000004 0.058383233532934134
3 0.341 0.9590194610778444 0.0315 0.04229041916167665
3 0.45275 0.034056886227544915 0.033 0.04341317365269461
3 0.49725 0.018338323353293415 0.056 0.029940119760479042
3 0.27825 0.5699850299401198 0.06 0.09431137724550899
3 0.22075 0.6343562874251497 0.017 0.028443113772455092
3 0.39225 0.8963323353293414 0.056 0.06437125748502995
3 0.36675 0.8095059880239521 0.043000000000000003 0.037425149700598806
3 0.61075 0.3349550898203593 0.061 0.09431137724550899
3 0.52225 0.4786676646706587 0.038 0.07934131736526946
3 0.34575 0.4479790419161677 0.08700000000000001 0.2125748502994012
3 0.43225 0.39633233532934137 0.028 0.037425149700598806
3 0.41575 0.499625748502994 0.025 0.06437125748502995
3 0.41425 0.6223802395209581 0.028 0.05239520958083833
3 0.72775 0.6747754491017964 0.047 0.06137724550898204
3 0.69975 0.5475299401197605 0.031 0.06437125748502995
3 0.7322500000000001 0.5744760479041916 0.022 0.0344311377245509
3 0.76375 0.56624251497006 0.025 0.029940119760479042
3 0.74425 0.624625748502994 0.01 0.017964071856287428
3 0.52625 0.35815868263473055 0.046 0.07784431137724551
3 0.49325 0.4135479041916168 0.03 0.05089820359281438
3 0.47575 0.30576347305389223 0.039 0.05389221556886228
3 0.75175 0.16055389221556887 0.029 0.05389221556886228
3 0.6022500000000001 0.4958832335329342 0.024 0.04790419161676647
3 0.62975 0.47492514970059885 0.021 0.029940119760479042
3 0.68625 0.46893712574850305 0.024 0.023952095808383235
3 0.69975 0.4195359281437126 0.037 0.0658682634730539
3 0.45075 0.8357035928143713 0.059000000000000004 0.04790419161676647
3 0.49775 0.8476796407185629 0.029 0.0688622754491018
3 0.54125 0.811751497005988 0.04 0.04491017964071856
3 0.55225 0.7451347305389222 0.02 0.04341317365269461
3 0.5327500000000001 0.7698353293413174 0.019 0.02095808383233533
3 0.58825 0.8379491017964072 0.028 0.02544910179640719
3 0.707125 0.9341317365269461 0.09775 0.13098802395209583
3 0.81225 0.1747754491017964 0.018000000000000002 0.02245508982035928
3 0.77425 0.2099550898203593 0.02 0.035928143712574856
3 0.7997500000000001 0.2039670658682635 0.021 0.02694610778443114
3 0.80175 0.08046407185628743 0.021 0.031437125748503
3 0.84175 0.03480538922155689 0.047 0.059880239520958084
3 0.84575 0.156811377245509 0.021 0.04341317365269461
3 0.90025 0.09094311377245509 0.022 0.028443113772455092
3 0.89475 0.18899700598802396 0.019 0.035928143712574856
3 0.80975 0.34019461077844315 0.021 0.04491017964071856
3 0.81825 0.3821107784431138 0.016 0.02694610778443114
3 0.9247500000000001 0.058757485029940125 0.017 0.017964071856287428
3 0.90725 0.028068862275449104 0.026000000000000002 0.031437125748503
3 0.9323750000000001 0.009169161676646708 0.01625 0.018338323353293415
