3 0.515375 0.7230538922155689 0.03475 0.058383233532934134
3 0.742625 0.6311751497005988 0.04575 0.07297904191616766
3 0.217375 0.25898203592814373 0.02425 0.05464071856287425
3 0.76125 0.3005239520958084 0.024 0.028443113772455092
3 0.5377500000000001 0.4898952095808384 0.061 0.056886227544910184
3 0.61525 0.4801646706586827 0.068 0.1032934131736527
3 0.63425 0.5363023952095809 0.048 0.059880239520958084
0 0.28975 0.8970808383233534 0.037 0.056886227544910184
3 0.22375 0.8940868263473054 0.043000000000000003 0.08982035928143713
3 0.208625 0.971556886227545 0.04275 0.05613772455089821
