3 0.422 0.6336077844311377 0.026000000000000002 0.035928143712574856
3 0.39537500000000003 0.4251497005988024 0.09025 0.0845808383233533
3 0.500125 0.6132110778443114 0.021750000000000002 0.043787425149700604
3 0.58875 0.6180763473053893 0.012 0.024326347305389222
3 0.81775 0.8813622754491018 0.047 0.055389221556886234
3 0.87875 0.7855538922155689 0.027 0.040419161676646706
3 0.87375 0.845434131736527 0.029 0.037425149700598806
3 0.90075 0.6440868263473054 0.063 0.14970059880239522
3 0.9267500000000001 0.7668413173652695 0.021 0.038922155688622756
3 0.90325 0.8252245508982037 0.018000000000000002 0.023952095808383235
3 0.93225 0.8207335329341318 0.018000000000000002 0.023952095808383235
3 0.794 0.9565868263473054 0.0805 0.08607784431137724
3 0.89575 0.9300149700598803 0.019 0.03293413173652695
3 0.93975 0.8895958083832336 0.021 0.029940119760479042
3 0.9595 0.9745508982035929 0.0725 0.050149700598802395
