3 0.302375 0.6693488023952097 0.08925 0.13360778443113774
3 0.358375 0.5733532934131736 0.051250000000000004 0.07185628742514971
3 0.22775 0.5355538922155689 0.125 0.07335329341317366
3 0.21075 0.3589071856287425 0.049 0.09131736526946109
3 0.11475 0.3192365269461078 0.057 0.08383233532934133
3 0.04725 0.4584580838323354 0.056 0.062874251497006
3 0.51125 0.6942365269461078 0.054 0.07934131736526946
3 0.67125 0.5527694610778443 0.046 0.05089820359281438
3 0.74025 0.5669910179640719 0.048 0.07035928143712575
3 0.69325 0.6321107784431138 0.038 0.062874251497006
3 0.62175 0.7548652694610779 0.131 0.05389221556886228
3 0.74275 0.721931137724551 0.067 0.08083832335329341
3 0.77725 0.659056886227545 0.054 0.056886227544910184
3 0.81975 0.5872005988023953 0.025 0.035928143712574856
3 0.75875 0.31324850299401197 0.031 0.029940119760479042
3 0.89075 0.5954341317365269 0.073 0.06437125748502995
1 0.94775 0.5175898203592815 0.065 0.09730538922155689
