3 0.39375 0.06811377245508983 0.074 0.09955089820359282
0 0.968875 0.06530688622754491 0.01925 0.027320359281437126
3 0.51075 0.11190119760479042 0.029 0.04341317365269461
3 0.55325 0.09917664670658684 0.07200000000000001 0.11377245508982037
3 0.9227500000000001 0.22193113772455092 0.065 0.11377245508982037
3 0.9835 0.24064371257485032 0.0325 0.08233532934131738
3 0.80425 0.049026946107784436 0.046 0.037425149700598806
3 0.78725 0.09094311377245509 0.064 0.08233532934131738
3 0.78825 0.6343562874251497 0.044 0.04640718562874252
3 0.75375 0.658308383233533 0.069 0.06736526946107785
3 0.73275 0.7002245508982037 0.059000000000000004 0.07934131736526946
3 0.67275 0.6672904191616766 0.019 0.02544910179640719
3 0.70425 0.6410928143712575 0.016 0.02694610778443114
3 0.68575 0.6148952095808383 0.017 0.02544910179640719
3 0.61125 0.624625748502994 0.076 0.0658682634730539
3 0.51075 0.6627994011976048 0.039 0.058383233532934134
3 0.48125 0.7690868263473054 0.04 0.08532934131736528
3 0.44225000000000003 0.7391467065868264 0.02 0.055389221556886234
3 0.43825000000000003 0.6306137724550899 0.018000000000000002 0.02694610778443114
3 0.37875000000000003 0.6927395209580839 0.023 0.05239520958083833
3 0.35125 0.6672904191616766 0.016 0.016467065868263474
3 0.35525 0.721182634730539 0.018000000000000002 0.031437125748503
3 0.25725 0.7765718562874252 0.036000000000000004 0.07335329341317366
3 0.17625 0.8506736526946108 0.056 0.035928143712574856
3 0.14575 0.7720808383233534 0.031 0.06137724550898204
3 0.19375 0.7249251497005988 0.051000000000000004 0.05389221556886228
3 0.21975 0.6665419161676647 0.027 0.03293413173652695
3 0.25625 0.7054640718562875 0.05 0.05089820359281438
3 0.55225 0.7900449101796407 0.08 0.10029940119760479
3 0.57375 0.7099550898203594 0.021 0.035928143712574856
3 0.57475 0.8491766467065869 0.029 0.03293413173652695
3 0.63875 0.7900449101796407 0.10300000000000001 0.17514970059880242
