3 0.17175 0.8678892215568863 0.055 0.06437125748502995
3 0.16975 0.9494760479041917 0.041 0.07784431137724551
3 0.21375 0.8978293413173654 0.033 0.10029940119760479
3 0.24675 0.9360029940119761 0.035 0.04491017964071856
3 0.29375 0.9752994011976048 0.061 0.048652694610778445
3 0.29725 0.9285179640718564 0.024 0.03293413173652695
3 0.30075 0.8843562874251497 0.019 0.04341317365269461
3 0.32475 0.9217814371257486 0.019 0.031437125748503
3 0.36275 0.9262724550898204 0.047 0.07335329341317366
3 0.77475 0.4225299401197605 0.045 0.062874251497006
3 0.22075 0.4936377245508982 0.021 0.04940119760479042
3 0.34125 0.46519461077844315 0.034 0.06137724550898204
3 0.42125 0.46519461077844315 0.022 0.05239520958083833
3 0.26025 0.5213323353293413 0.024 0.029940119760479042
3 0.42375 0.7039670658682635 0.033 0.0658682634730539
3 0.54875 0.7279191616766467 0.023 0.02095808383233533
3 0.49775 0.6201347305389222 0.067 0.08083832335329341
3 0.33775 0.686751497005988 0.035 0.04940119760479042
3 0.34575 0.6328592814371258 0.037 0.037425149700598806
3 0.29075 0.6665419161676647 0.049 0.07784431137724551
3 0.25525000000000003 0.655314371257485 0.046 0.07335329341317366
3 0.26925 0.5991766467065869 0.022 0.05389221556886228
3 0.22975 0.5879491017964072 0.039 0.04640718562874252
3 0.62425 0.7151946107784432 0.024 0.04640718562874252
3 0.62325 0.7645958083832336 0.032 0.04940119760479042
3 0.69775 0.3821107784431138 0.027 0.04191616766467066
3 0.72075 0.3357035928143713 0.015 0.02694610778443114
3 0.63375 0.31100299401197606 0.015 0.037425149700598806
3 0.56175 0.24887724550898205 0.019 0.056886227544910184
3 0.45675 0.3633982035928144 0.017 0.02245508982035928
3 0.56425 0.34842814371257486 0.024 0.06137724550898204
3 0.59025 0.37687125748503 0.024 0.04341317365269461
3 0.61525 0.6395958083832336 0.022 0.038922155688622756
3 0.6707500000000001 0.7443862275449102 0.041 0.04491017964071856
3 0.71175 0.6575598802395209 0.023 0.04491017964071856
3 0.66325 0.6036676646706587 0.03 0.02694610778443114
3 0.32775 0.5677395209580839 0.147 0.09580838323353294
3 0.43025 0.5520209580838323 0.06 0.07335329341317366
3 0.42925 0.6351047904191617 0.05 0.07185628742514971
3 0.50475 0.531062874251497 0.077 0.08233532934131738
3 0.59225 0.4883982035928144 0.08600000000000001 0.11377245508982037
3 0.68625 0.5565119760479043 0.024 0.04940119760479042
3 0.7212500000000001 0.4943862275449102 0.018000000000000002 0.02095808383233533
3 0.66825 0.501122754491018 0.056 0.055389221556886234
