3 0.55125 0.37986526946107785 0.07200000000000001 0.12125748502994013
3 0.22425 0.6036676646706587 0.124 0.19161676646706588
3 0.070125 0.7964071856287426 0.14025 0.280688622754491
3 0.36675 0.8806137724550899 0.039 0.03293413173652695
3 0.29975 0.9292664670658684 0.07100000000000001 0.037425149700598806
3 0.43975000000000003 0.30127245508982037 0.081 0.08383233532934133
3 0.62025 0.31549401197604793 0.048 0.08832335329341318
3 0.62225 0.1942365269461078 0.048 0.08233532934131738
3 0.76325 0.3237275449101797 0.054 0.1347305389221557
3 0.65825 0.3686377245508982 0.032 0.062874251497006
3 0.45625 0.6208832335329342 0.042 0.05239520958083833
3 0.36275 0.5093562874251497 0.027 0.05089820359281438
3 0.40225 0.47717065868263475 0.022 0.04940119760479042
3 0.41825 0.5265718562874252 0.018000000000000002 0.04640718562874252
3 0.45125 0.49288922155688625 0.022 0.038922155688622756
3 0.49075 0.5482784431137725 0.027 0.0658682634730539
3 0.24375 0.36564371257485034 0.049 0.07185628742514971
3 0.29425 0.31699101796407186 0.026000000000000002 0.040419161676646706
3 0.33725 0.3289670658682635 0.024 0.040419161676646706
3 0.69925 0.5475299401197605 0.028 0.0344311377245509
3 0.93175 0.6425898203592815 0.045 0.05389221556886228
3 0.67475 0.8364520958083833 0.063 0.040419161676646706
