3 0.211625 0.25205838323353297 0.04875 0.08645209580838324
3 0.4165 0.4139221556886228 0.0695 0.06511976047904192
0 0.063625 0.01440868263473054 0.03175 0.02881736526946108
3 0.6677500000000001 0.6686002994011977 0.075 0.11339820359281438
3 0.8023750000000001 0.43394461077844315 0.01925 0.03330838323353293
1 0.17825 0.40531437125748504 0.312 0.19610778443113774
1 0.93175 0.5535179640718563 0.111 0.09131736526946109
3 0.14025 0.06773952095808383 0.076 0.10179640718562875
3 0.06675 0.1126497005988024 0.019 0.029940119760479042
3 0.09625 0.1126497005988024 0.034 0.0688622754491018
3 0.13975 0.14857784431137724 0.033 0.056886227544910184
