3 0.048 0.6431511976047904 0.096 0.156062874251497
3 0.089375 0.1657934131736527 0.04575 0.037425149700598806
3 0.02125 0.03330838323353293 0.0425 0.06137724550898204
3 0.40875 0.6089071856287426 0.055 0.07035928143712575
3 0.31525000000000003 0.4741766467065869 0.036000000000000004 0.058383233532934134
3 0.22175 0.6463323353293413 0.081 0.09131736526946109
3 0.33275 0.534056886227545 0.067 0.11227544910179642
3 0.48375 0.5602544910179641 0.045 0.08083832335329341
3 0.47275 0.6231287425149701 0.073 0.04491017964071856
3 0.66625 0.5595059880239521 0.08600000000000001 0.18712574850299402
3 0.73775 0.5827095808383234 0.033 0.062874251497006
3 0.52675 0.4000748502994012 0.025 0.04790419161676647
3 0.74375 0.37163173652694614 0.033 0.038922155688622756
