3 0.16875 0.39258982035928147 0.039 0.04491017964071856
3 0.26225 0.56624251497006 0.042 0.08682634730538923
3 0.23825000000000002 0.4285179640718563 0.066 0.09281437125748504
3 0.31625000000000003 0.470434131736527 0.062 0.11077844311377247
3 0.37725000000000003 0.45770958083832336 0.028 0.04940119760479042
3 0.37625000000000003 0.5886976047904192 0.02 0.056886227544910184
3 0.43875000000000003 0.48465568862275454 0.079 0.07035928143712575
3 0.44825 0.5767215568862276 0.018000000000000002 0.02694610778443114
3 0.47525 0.5490269461077845 0.018000000000000002 0.02544910179640719
3 0.50825 0.4854041916167665 0.03 0.03293413173652695
3 0.53825 0.534805389221557 0.016 0.02095808383233533
3 0.54475 0.6089071856287426 0.021 0.028443113772455092
3 0.55875 0.659805389221557 0.021 0.02544910179640719
3 0.58375 0.5886976047904192 0.013000000000000001 0.029940119760479042
3 0.57125 0.5370508982035929 0.032 0.037425149700598806
3 0.49125 0.7017215568862276 0.014 0.028443113772455092
