3 0.848 0.38304640718562877 0.0305 0.049026946107784436
3 0.3415 0.6302395209580839 0.0305 0.055389221556886234
3 0.323 0.31717814371257486 0.026000000000000002 0.0407934131736527
3 0.43325 0.250374251497006 0.038 0.10778443113772455
3 0.48625 0.1815119760479042 0.04 0.0658682634730539
3 0.5982500000000001 0.25486526946107785 0.038 0.05389221556886228
3 0.64325 0.6133982035928144 0.054 0.08532934131736528
3 0.70875 0.6979790419161677 0.027 0.03293413173652695
3 0.71125 0.8050149700598803 0.022 0.02245508982035928
3 0.77225 0.8199850299401198 0.04 0.05239520958083833
3 0.87225 0.5639970059880239 0.052000000000000005 0.09431137724550899
3 0.76025 0.5288173652694611 0.052000000000000005 0.1287425149700599
3 0.80625 0.5415419161676647 0.018000000000000002 0.040419161676646706
3 0.78525 0.6777694610778443 0.016 0.02544910179640719
3 0.7272500000000001 0.6455838323353293 0.022 0.035928143712574856
3 0.80125 0.6470808383233533 0.036000000000000004 0.059880239520958084
3 0.79325 0.7234281437125749 0.034 0.04491017964071856
3 0.8612500000000001 0.7054640718562875 0.028 0.08383233532934133
