3 0.5513750000000001 0.7043413173652695 0.021750000000000002 0.056886227544910184
3 0.633375 0.6173278443113773 0.02925 0.04229041916167665
3 0.702375 0.6343562874251497 0.03475 0.040419161676646706
3 0.522 0.29902694610778446 0.026000000000000002 0.037425149700598806
3 0.573125 0.36994760479041916 0.02825 0.03929640718562875
3 0.646875 0.31867514970059885 0.021750000000000002 0.050523952095808386
3 0.702875 0.3252245508982036 0.02725 0.037425149700598806
3 0.629625 0.5074850299401198 0.02825 0.03068862275449102
3 0.39587500000000003 0.35217065868263475 0.021750000000000002 0.026197604790419163
3 0.335 0.35778443113772457 0.015 0.03068862275449102
1 0.138625 0.4921407185628743 0.14325000000000002 0.22155688622754494
3 0.85075 0.8065119760479043 0.063 0.06137724550898204
3 0.88275 0.7271706586826348 0.051000000000000004 0.08233532934131738
3 0.92925 0.6081586826347306 0.038 0.0658682634730539
3 0.81925 0.9172904191616768 0.046 0.04640718562874252
3 0.83125 0.9790419161676648 0.042 0.04116766467065869
3 0.87475 0.9577095808383234 0.023 0.055389221556886234
3 0.967 0.8065119760479043 0.0655 0.21107784431137727
