3 0.419625 0.811938622754491 0.03275 0.03181137724550898
3 0.511 0.8398203592814372 0.0635 0.06137724550898204
3 0.9077500000000001 0.23297155688622756 0.0245 0.04004491017964072
3 0.924 0.5574476047904192 0.0165 0.03929640718562875
3 0.9736250000000001 0.7159431137724551 0.05225 0.06811377245508983
3 0.986 0.3907185628742515 0.018000000000000002 0.02544910179640719
3 0.989125 0.44199101796407186 0.02125 0.026197604790419163
3 0.24475 0.3394461077844312 0.037 0.0344311377245509
3 0.22775 0.374625748502994 0.035 0.04191616766467066
3 0.34275 0.406062874251497 0.037 0.05089820359281438
3 0.28325 0.4135479041916168 0.022 0.02694610778443114
3 0.29025 0.5834580838323353 0.024 0.02245508982035928
3 0.35075 0.5587574850299402 0.015 0.023952095808383235
3 0.37075 0.4943862275449102 0.031 0.05089820359281438
3 0.32725 0.4756736526946108 0.032 0.031437125748503
3 0.41325 0.37687125748503 0.024 0.055389221556886234
3 0.44225000000000003 0.34019461077844315 0.032 0.038922155688622756
3 0.53425 0.4292664670658683 0.092 0.08832335329341318
3 0.57775 0.469685628742515 0.047 0.055389221556886234
3 0.63025 0.4726796407185629 0.048 0.07934131736526946
3 0.67325 0.49288922155688625 0.028 0.07185628742514971
3 0.59225 0.5512724550898204 0.06 0.07784431137724551
3 0.52225 0.5557634730538923 0.066 0.12275449101796408
3 0.45075 0.46145209580838326 0.039 0.029940119760479042
3 0.64075 0.3237275449101797 0.051000000000000004 0.04491017964071856
3 0.52725 0.30800898203592814 0.048 0.07335329341317366
