3 0.64775 0.5400449101796407 0.097 0.09431137724550899
3 0.35125 0.4958832335329342 0.062 0.10479041916167665
3 0.56975 0.7601047904191617 0.065 0.12724550898203593
3 0.63675 0.7855538922155689 0.081 0.1541916167664671
3 0.73175 0.752619760479042 0.111 0.1601796407185629
3 0.58025 0.42402694610778446 0.052000000000000005 0.062874251497006
3 0.45475 0.14782934131736528 0.159 0.2559880239520958
3 0.66625 0.28929640718562877 0.036000000000000004 0.059880239520958084
3 0.7897500000000001 0.31773952095808383 0.117 0.16467065868263475
3 0.91525 0.7107035928143713 0.03 0.06437125748502995
