3 0.259875 0.47735778443113774 0.05425 0.061751497005988025
3 0.187125 0.6124625748502994 0.05425 0.058757485029940125
3 0.2915 0.6914296407185629 0.098 0.06998502994011976
3 0.186125 0.4971931137724551 0.02075 0.02133233532934132
3 0.308875 0.5039296407185629 0.00875 0.016092814371257487
3 0.40675 0.5041167664670659 0.027 0.028443113772455092
3 0.74425 0.6403443113772456 0.074 0.13323353293413173
3 0.64725 0.5677395209580839 0.024 0.05089820359281438
3 0.61375 0.626122754491018 0.033 0.062874251497006
3 0.55625 0.749625748502994 0.022 0.031437125748503
3 0.49275 0.7383982035928144 0.055 0.07784431137724551
3 0.46725 0.4951347305389222 0.052000000000000005 0.04640718562874252
3 0.53125 0.5108532934131736 0.066 0.05089820359281438
