3 0.4645 0.02095808383233533 0.0475 0.04191616766467066
0 0.316625 0.22043413173652696 0.01325 0.019461077844311378
3 0.24075 0.6044161676646707 0.055 0.1541916167664671
3 0.33675 0.8446856287425151 0.041 0.0658682634730539
3 0.7352500000000001 0.4764221556886228 0.036000000000000004 0.05389221556886228
3 0.29875 0.4801646706586827 0.037 0.058383233532934134
3 0.34275 0.5520209580838323 0.039 0.055389221556886234
3 0.41025 0.5490269461077845 0.024 0.04341317365269461
3 0.51925 0.4509730538922156 0.036000000000000004 0.07185628742514971
3 0.78425 0.5482784431137725 0.036000000000000004 0.0688622754491018
1 0.77975 0.7743263473053893 0.123 0.11077844311377247
3 0.40925 0.45172155688622756 0.108 0.15119760479041916
3 0.36175 0.3514221556886228 0.045 0.09431137724550899
3 0.49175 0.32672155688622756 0.041 0.07485029940119761
