0 0.07162500000000001 0.3633982035928144 0.01925 0.02470059880239521
0 0.723625 0.4296407185628743 0.01925 0.021706586826347306
3 0.29625 0.5475299401197605 0.046 0.07335329341317366
3 0.42825 0.6223802395209581 0.046 0.06736526946107785
3 0.42375 0.7563622754491018 0.037 0.059880239520958084
3 0.32775 0.7062125748502994 0.027 0.0344311377245509
3 0.36425 0.6987275449101796 0.044 0.031437125748503
3 0.43075 0.5228293413173652 0.029 0.04191616766467066
3 0.47075 0.5692365269461078 0.021 0.038922155688622756
3 0.50275 0.5565119760479043 0.021 0.031437125748503
3 0.47525 0.5063622754491018 0.028 0.02694610778443114
3 0.59675 0.5093562874251497 0.025 0.029940119760479042
3 0.69225 0.48465568862275454 0.032 0.02245508982035928
