3 0.077375 0.7410179640718564 0.058750000000000004 0.11377245508982037
3 0.42075 0.35179640718562877 0.0105 0.02245508982035928
3 0.49425 0.5872005988023953 0.026000000000000002 0.035928143712574856
3 0.378125 0.6220059880239521 0.03025 0.033682634730538924
3 0.2745 0.45827095808383234 0.04 0.05651197604790419
3 0.6035 0.5989895209580839 0.0085 0.016841317365269462
3 0.612125 0.5404191616766467 0.00875 0.02095808383233533
1 0.337125 0.9543413173652695 0.08275 0.08083832335329341
1 0.342875 0.8342065868263474 0.07325 0.07335329341317366
3 0.51675 0.3192365269461078 0.031 0.056886227544910184
3 0.56325 0.29752994011976047 0.042 0.055389221556886234
3 0.52125 0.44273952095808383 0.024 0.037425149700598806
3 0.55025 0.3843562874251497 0.064 0.07934131736526946
3 0.64025 0.4345059880239521 0.012 0.014970059880239521
3 0.64775 0.468188622754491 0.015 0.02245508982035928
3 0.67725 0.4644461077844312 0.02 0.017964071856287428
1 0.67275 0.5527694610778443 0.057 0.03293413173652695
1 0.65025 0.7234281437125749 0.128 0.15868263473053892
0 0.07775 0.7421407185628743 0.043000000000000003 0.037425149700598806
3 0.27675 0.15232035928143714 0.033 0.055389221556886234
3 0.284625 0.051833832335329344 0.08125 0.10366766467065869
3 0.10725 0.06006736526946108 0.078 0.12013473053892217
3 0.19275 0.058570359281437126 0.073 0.11714071856287425
3 0.93825 0.18974550898203593 0.04 0.04341317365269461
3 0.82475 0.19273952095808383 0.043000000000000003 0.040419161676646706
3 0.62725 0.219685628742515 0.038 0.06137724550898204
