3 0.47225 0.9509730538922156 0.092 0.07485029940119761
3 0.5455 0.9812874251497007 0.0245 0.03667664670658683
3 0.20725000000000002 0.5490269461077845 0.068 0.08532934131736528
3 0.29375 0.32747005988023953 0.047 0.055389221556886234
3 0.55625 0.21070359281437126 0.026000000000000002 0.055389221556886234
3 0.47575 0.5078592814371258 0.037 0.056886227544910184
3 0.62675 0.4584580838323354 0.037 0.04491017964071856
3 0.6627500000000001 0.44273952095808383 0.015 0.02544910179640719
3 0.75475 0.344685628742515 0.023 0.04790419161676647
3 0.71275 0.281811377245509 0.021 0.04191616766467066
3 0.624375 0.970808383233533 0.05425 0.05763473053892216
3 0.60575 0.909056886227545 0.021 0.02694610778443114
3 0.40825 0.1403443113772455 0.022 0.0344311377245509
