0 0.42175 0.5157185628742516 0.021500000000000002 0.0344311377245509
0 0.9606250000000001 0.628181137724551 0.03375 0.061751497005988025
0 0.8981250000000001 0.8031437125748504 0.01625 0.020209580838323353
0 0.904875 0.5095434131736527 0.02225 0.03181137724550898
0 0.965 0.345434131736527 0.023 0.014221556886227546
0 0.879375 0.2979041916167665 0.01525 0.014221556886227546
0 0.8285 0.1287425149700599 0.0655 0.05913173652694611
0 0.6015 0.041729041916167664 0.0135 0.019835329341317365
0 0.74 0.8018338323353293 0.034 0.030314371257485033
0 0.165625 0.6130239520958084 0.02025 0.021706586826347306
0 0.3065 0.32148203592814373 0.018000000000000002 0.029191616766467067
0 0.30062500000000003 0.2885479041916168 0.02625 0.02470059880239521
0 0.45487500000000003 0.3978293413173653 0.02225 0.035928143712574856
0 0.41475 0.38660179640718567 0.046 0.08757485029940121
0 0.378 0.43806137724550903 0.013000000000000001 0.025074850299401198
0 0.368125 0.3905314371257485 0.03625 0.05351796407185629
0 0.553625 0.534431137724551 0.01925 0.032185628742514974
0 0.52525 0.5202095808383234 0.0165 0.028443113772455092
0 0.2725 0.3905314371257485 0.014 0.022829341317365272
0 0.496625 0.7962200598802396 0.03125 0.030314371257485033
0 0.290125 0.751309880239521 0.02875 0.02657185628742515
0 0.560625 0.596182634730539 0.035750000000000004 0.04116766467065869
0 0.449375 0.7118263473053893 0.02775 0.047155688622754495
0 0.6095 0.40456586826347307 0.015 0.021706586826347306
0 0.6295000000000001 0.5119760479041916 0.0135 0.02245508982035928
0 0.599875 0.4599550898203593 0.06525 0.07784431137724551
0 0.537625 0.48690119760479045 0.01325 0.02320359281437126
0 0.298 0.6446482035928144 0.0135 0.017589820359281437
0 0.45487500000000003 0.3063248502994012 0.012750000000000001 0.023577844311377247
0 0.31175 0.36452095808383234 0.015 0.02095808383233533
0 0.750375 0.7651571856287426 0.02825 0.03330838323353293
0 0.667125 0.8089446107784432 0.06075 0.03854790419161677
0 0.792625 0.4726796407185629 0.01975 0.020209580838323353
0 0.6815 0.5913173652694611 0.021500000000000002 0.0344311377245509
0 0.449 0.8972679640718564 0.029500000000000002 0.04827844311377246
0 0.33975 0.9109281437125749 0.033 0.04266467065868264
0 0.2145 0.6072230538922156 0.021500000000000002 0.023577844311377247
0 0.775375 0.75187125748503 0.02925 0.03293413173652695
0 0.828875 0.72062125748503 0.05325 0.04453592814371258
0 0.862 0.7105164670658684 0.0195 0.025823353293413176
0 0.731 0.36433383233532934 0.0135 0.019835329341317365
0 0.47075 0.3695733532934132 0.017 0.028068862275449104
