0 0.64025 0.35460329341317365 0.0745 0.08944610778443114
0 0.95625 0.39296407185628746 0.027 0.040419161676646706
0 0.954875 0.7052769461077845 0.01825 0.019835329341317365
0 0.518625 0.4921407185628743 0.06275 0.0658682634730539
0 0.58575 0.4406811377245509 0.021500000000000002 0.03854790419161677
0 0.553875 0.4253368263473054 0.02125 0.03480538922155689
0 0.595125 0.5078592814371258 0.04075 0.04491017964071856
0 0.472125 0.2911676646706587 0.02425 0.04266467065868264
0 0.477625 0.6474550898203594 0.03075 0.05239520958083833
0 0.299 0.7005988023952097 0.032 0.032185628742514974
0 0.300375 0.5767215568862276 0.01425 0.017964071856287428
0 0.436 0.42758233532934137 0.025500000000000002 0.03854790419161677
0 0.4055 0.40662425149700604 0.018000000000000002 0.03330838323353293
0 0.425 0.281624251497006 0.053 0.10067365269461079
0 0.2985 0.2125748502994012 0.023 0.029191616766467067
0 0.289625 0.17683383233532934 0.029750000000000002 0.031062874251497008
0 0.151875 0.5507110778443114 0.02725 0.024326347305389222
0 0.203125 0.5422904191616766 0.021750000000000002 0.028443113772455092
0 0.37075 0.28967065868263475 0.043000000000000003 0.056886227544910184
0 0.30575 0.25860778443113774 0.0175 0.02470059880239521
0 0.26225 0.2926646706586827 0.0185 0.026197604790419163
0 0.535625 0.7402694610778443 0.03725 0.04266467065868264
0 0.671875 0.4116766467065868 0.01325 0.027694610778443117
0 0.472625 0.18338323353293415 0.01825 0.03068862275449102
0 0.490875 0.25898203592814373 0.02125 0.032185628742514974
0 0.489 0.8564745508982037 0.0335 0.05501497005988024
0 0.367375 0.8830464071856288 0.03975 0.043787425149700604
0 0.727 0.7438248502994013 0.07200000000000001 0.0407934131736527
0 0.73375 0.49906437125748504 0.023 0.04154191616766467
0 0.9035 0.627245508982036 0.057 0.05613772455089821
0 0.839375 0.6672904191616766 0.02525 0.035179640718562874
0 0.8140000000000001 0.6850673652694611 0.032 0.04004491017964072
0 0.8083750000000001 0.7318488023952097 0.04025 0.034056886227544915
0 0.82675 0.35422904191616766 0.0225 0.020583832335329344
0 0.7368750000000001 0.3592814371257485 0.03025 0.04416167664670659
0 0.755 0.2408308383233533 0.0145 0.020583832335329344
