0 0.30162500000000003 0.9648203592814372 0.017750000000000002 0.033682634730538924
0 0.401125 0.34655688622754494 0.02075 0.029940119760479042
0 0.73075 0.4943862275449102 0.022 0.033682634730538924
0 0.7488750000000001 0.5978667664670659 0.059250000000000004 0.061751497005988025
0 0.5972500000000001 0.7765718562874252 0.0235 0.03817365269461078
0 0.6195 0.5514595808383234 0.031 0.04154191616766467
0 0.56375 0.48465568862275454 0.025 0.03967065868263473
0 0.7302500000000001 0.4936377245508982 0.022 0.033682634730538924
0 0.6032500000000001 0.4219685628742515 0.038 0.05276946107784432
0 0.7020000000000001 0.27694610778443113 0.029 0.04790419161676647
0 0.60275 0.42122005988023953 0.038 0.05276946107784432
0 0.570375 0.23746257485029942 0.02525 0.04752994011976048
0 0.6945 0.4562125748502994 0.0145 0.02544910179640719
0 0.4475 0.500561377245509 0.021 0.024326347305389222
0 0.608875 0.3607784431137725 0.01625 0.02694610778443114
0 0.81025 0.5574476047904192 0.021500000000000002 0.024326347305389222
0 0.79225 0.7110778443113773 0.0235 0.031437125748503
0 0.8230000000000001 0.5291916167664671 0.034 0.03293413173652695
0 0.296875 0.2554266467065868 0.01925 0.035553892215568865
0 0.357125 0.5256362275449102 0.012750000000000001 0.01908682634730539
0 0.245125 0.4511601796407186 0.01225 0.02881736526946108
0 0.580875 0.8914670658682635 0.02475 0.04491017964071856
0 0.741375 0.25898203592814373 0.01675 0.02245508982035928
0 0.81525 0.37761976047904194 0.012 0.02544910179640719
0 0.633125 0.19292664670658685 0.01625 0.025074850299401198
0 0.705875 0.18693862275449102 0.01625 0.025074850299401198
