3 0.925 0.6822604790419162 0.1495 0.23053892215568864
3 0.88875 0.8720059880239521 0.025 0.04416167664670659
3 0.15025 0.23746257485029942 0.0195 0.043787425149700604
3 0.21775 0.48091317365269465 0.047 0.05389221556886228
3 0.16125 0.5872005988023953 0.024 0.035928143712574856
3 0.16475 0.6343562874251497 0.027 0.04940119760479042
3 0.14125000000000001 0.6830089820359282 0.022 0.04491017964071856
3 0.50125 0.3536676646706587 0.062 0.08982035928143713
3 0.55325 0.2945359281437126 0.116 0.08233532934131738
3 0.71075 0.28031437125748504 0.065 0.08383233532934133
3 0.61175 0.3828592814371258 0.033 0.04640718562874252
3 0.56675 0.4442365269461078 0.021 0.028443113772455092
3 0.70475 0.6223802395209581 0.049 0.04640718562874252
3 0.64525 0.5797155688622755 0.044 0.04491017964071856
3 0.67525 0.5235778443113773 0.084 0.055389221556886234
3 0.58125 0.5782185628742516 0.03 0.0658682634730539
3 0.61525 0.624625748502994 0.036000000000000004 0.035928143712574856
3 0.57675 0.69124251497006 0.039 0.07335329341317366
3 0.32225 0.5400449101796407 0.022 0.058383233532934134
3 0.45775 0.4636976047904192 0.031 0.0344311377245509
3 0.40525 0.33345808383233533 0.03 0.02544910179640719
3 0.58275 0.4921407185628743 0.027 0.04640718562874252
3 0.47875 0.7039670658682635 0.063 0.07784431137724551
3 0.51875 0.6313622754491018 0.025 0.04940119760479042
3 0.31475000000000003 0.6717814371257486 0.031 0.04940119760479042
3 0.27825 0.7047155688622755 0.026000000000000002 0.037425149700598806
3 0.15225 0.8282185628742516 0.042 0.059880239520958084
3 0.15525 0.9187874251497007 0.02 0.04341317365269461
3 0.39025 0.8125 0.052000000000000005 0.06137724550898204
3 0.37125 0.7144461077844312 0.034 0.0688622754491018
3 0.31825000000000003 0.7892964071856288 0.03 0.0688622754491018
3 0.24975 0.8619011976047904 0.063 0.07934131736526946
3 0.40575 0.5857035928143713 0.051000000000000004 0.07185628742514971
3 0.32975 0.343937125748503 0.033 0.031437125748503
