0 0.154 0.5548278443113773 0.0375 0.04453592814371258
0 0.115 0.2786302395209581 0.021 0.04453592814371258
0 0.0885 0.1158308383233533 0.024 0.03854790419161677
0 0.34625 0.21220059880239522 0.024 0.035928143712574856
0 0.44875 0.27619760479041916 0.05 0.09505988023952096
0 0.68225 0.499438622754491 0.0385 0.05501497005988024
0 0.355375 0.2885479041916168 0.02125 0.03293413173652695
0 0.34775 0.34824101796407186 0.025 0.03181137724550898
0 0.547625 0.08701347305389222 0.01525 0.02133233532934132
0 0.63475 0.09861526946107785 0.0125 0.02133233532934132
0 0.59575 0.094124251497006 0.0155 0.027320359281437126
0 0.4385 0.1403443113772455 0.022 0.029940119760479042
0 0.48375 0.5044910179640719 0.0165 0.050149700598802395
