0 0.36975 0.26665419161676646 0.021 0.03255988023952096
0 0.419375 0.3125 0.01625 0.02544910179640719
0 0.338 0.3976422155688623 0.02 0.03255988023952096
0 0.25975 0.3804266467065868 0.019 0.031062874251497008
0 0.2935 0.42215568862275454 0.021 0.03817365269461078
0 0.23825000000000002 0.48053892215568866 0.013000000000000001 0.02095808383233533
0 0.23750000000000002 0.5422904191616766 0.032 0.062125748502994016
0 0.338125 0.6334206586826348 0.02125 0.024326347305389222
0 0.591 0.6074101796407186 0.0155 0.02320359281437126
0 0.8798750000000001 0.94124251497006 0.04525 0.07485029940119761
0 0.965 0.9464820359281437 0.0325 0.04191616766467066
