0 0.29862500000000003 0.24457335329341318 0.02675 0.049026946107784436
0 0.36975 0.2599176646706587 0.025 0.030314371257485033
0 0.29725 0.42383982035928147 0.028 0.04154191616766467
0 0.19275 0.46556886227544914 0.025 0.035928143712574856
0 0.248125 0.4895209580838324 0.02775 0.05464071856287425
0 0.400125 0.6785179640718564 0.02775 0.038922155688622756
0 0.67125 0.43394461077844315 0.022 0.030314371257485033
0 0.2015 0.6089071856287426 0.023 0.031437125748503
0 0.226 0.6764595808383234 0.074 0.10067365269461079
0 0.256375 0.6104041916167665 0.01725 0.020209580838323353
