3 0.26625 0.3476796407185629 0.028 0.03293413173652695
3 0.33525 0.56624251497006 0.032 0.04191616766467066
3 0.32425 0.6403443113772456 0.044 0.055389221556886234
3 0.51325 0.6133982035928144 0.04 0.04341317365269461
3 0.40075 0.5123502994011976 0.053 0.07784431137724551
3 0.40475 0.5782185628742516 0.027 0.05089820359281438
3 0.74475 0.5580089820359282 0.035 0.037425149700598806
3 0.63525 0.4479790419161677 0.096 0.19461077844311378
3 0.5992500000000001 0.2593562874251497 0.036000000000000004 0.0688622754491018
3 0.45475 0.3222305389221557 0.043000000000000003 0.062874251497006
3 0.40425 0.40681137724550903 0.038 0.07634730538922156
3 0.7332500000000001 0.43226047904191617 0.04 0.058383233532934134
3 0.80875 0.40830838323353297 0.037 0.04640718562874252
3 0.88725 0.5744760479041916 0.038 0.06736526946107785
3 0.89825 0.6538173652694611 0.058 0.04640718562874252
3 0.50275 0.4741766467065869 0.109 0.1092814371257485
1 0.41825 0.686751497005988 0.018000000000000002 0.02245508982035928
