3 0.18762500000000001 0.49607035928143717 0.04025 0.06324850299401198
3 0.41075 0.6837574850299402 0.043000000000000003 0.06137724550898204
3 0.52625 0.46893712574850305 0.036000000000000004 0.04191616766467066
3 0.58575 0.313997005988024 0.017 0.040419161676646706
3 0.62225 0.3199850299401198 0.022 0.05239520958083833
3 0.59675 0.24887724550898205 0.023 0.017964071856287428
3 0.38275000000000003 0.40830838323353297 0.035 0.04640718562874252
3 0.43975000000000003 0.43375748502994016 0.035 0.02245508982035928
3 0.22025 0.41504491017964074 0.064 0.0688622754491018
3 0.30875 0.37013473053892215 0.017 0.038922155688622756
3 0.26775 0.40306886227544914 0.035 0.023952095808383235
3 0.33125 0.40681137724550903 0.034 0.040419161676646706
3 0.57375 0.6725299401197605 0.045 0.056886227544910184
3 0.54025 0.7241766467065869 0.068 0.08532934131736528
3 0.64475 0.6657934131736527 0.017 0.02544910179640719
3 0.68025 0.5168413173652695 0.046 0.03293413173652695
3 0.72475 0.5437874251497007 0.041 0.062874251497006
3 0.61225 0.5265718562874252 0.06 0.058383233532934134
3 0.65075 0.4562125748502994 0.013000000000000001 0.028443113772455092
