0 0.011125 0.31511976047904194 0.01925 0.02320359281437126
3 0.10175000000000001 0.7166916167664671 0.097 0.11826347305389222
3 0.19025 0.6463323353293413 0.044 0.04341317365269461
3 0.17725 0.7773203592814372 0.052000000000000005 0.07784431137724551
3 0.6567500000000001 0.5849550898203593 0.035 0.06736526946107785
3 0.59975 0.8559131736526947 0.021 0.05239520958083833
3 0.63725 0.8394461077844312 0.03 0.04640718562874252
3 0.24975 0.8364520958083833 0.061 0.07035928143712575
3 0.8632500000000001 0.4622005988023952 0.018000000000000002 0.028443113772455092
3 0.33825 0.6126497005988024 0.042 0.04790419161676647
3 0.26125 0.6321107784431138 0.04 0.056886227544910184
