0 0.08762500000000001 0.7383982035928144 0.01625 0.028443113772455092
3 0.17625 0.3506736526946108 0.06 0.07185628742514971
3 0.24425 0.30202095808383234 0.056 0.07934131736526946
3 0.52625 0.15531437125748504 0.028 0.04940119760479042
3 0.40175 0.29603293413173654 0.051000000000000004 0.07634730538922156
3 0.49325 0.2541167664670659 0.022 0.05239520958083833
3 0.63975 0.7773203592814372 0.147 0.18263473053892218
3 0.82125 0.6575598802395209 0.034 0.07485029940119761
3 0.56175 0.48091317365269465 0.069 0.11077844311377247
3 0.65025 0.4255239520958084 0.078 0.10778443113772455
3 0.47975 0.40681137724550903 0.049 0.08832335329341318
3 0.35225 0.43375748502994016 0.126 0.06137724550898204
3 0.44875 0.5894461077844312 0.067 0.1092814371257485
3 0.52925 0.5684880239520959 0.1 0.1092814371257485
3 0.38225000000000003 0.753368263473054 0.062 0.11676646706586827
3 0.47125 0.8379491017964072 0.096 0.07335329341317366
3 0.12725 0.5415419161676647 0.048 0.04341317365269461
3 0.22125 0.534056886227545 0.044 0.04640718562874252
3 0.17475000000000002 0.5190868263473054 0.033 0.02245508982035928
