3 0.018625 0.4784805389221557 0.03725 0.11788922155688623
3 0.58725 0.5430389221556886 0.046 0.05239520958083833
3 0.62425 0.5048652694610779 0.078 0.059880239520958084
3 0.68875 0.5520209580838323 0.043000000000000003 0.040419161676646706
3 0.64425 0.596931137724551 0.048 0.05239520958083833
3 0.69975 0.5872005988023953 0.053 0.04491017964071856
3 0.67275 0.6500748502994013 0.037 0.04790419161676647
3 0.74575 0.6545658682634731 0.029 0.04491017964071856
3 0.58125 0.6523203592814372 0.04 0.058383233532934134
3 0.70575 0.7451347305389222 0.021 0.04640718562874252
3 0.50975 0.6762724550898204 0.031 0.02245508982035928
3 0.43825000000000003 0.5250748502994013 0.044 0.040419161676646706
3 0.46225 0.5849550898203593 0.026000000000000002 0.06137724550898204
3 0.41625 0.5692365269461078 0.02 0.029940119760479042
3 0.35025 0.5782185628742516 0.036000000000000004 0.07485029940119761
3 0.27675 0.4951347305389222 0.035 0.055389221556886234
3 0.22575 0.5145958083832336 0.045 0.10029940119760479
3 0.13375 0.45920658682634735 0.031 0.0344311377245509
3 0.08375 0.5729790419161677 0.033 0.08233532934131738
3 0.13225 0.5722305389221557 0.018000000000000002 0.062874251497006
3 0.10625 0.62687125748503 0.022 0.05239520958083833
3 0.16875 0.5901946107784432 0.025 0.08083832335329341
0 0.02325 0.24363772455089822 0.016 0.040419161676646706
3 0.55675 0.282559880239521 0.057 0.07035928143712575
