0 0.0265 0.08046407185628743 0.029 0.040419161676646706
0 0.15975 0.12668413173652696 0.026000000000000002 0.03480538922155689
0 0.19325 0.4526571856287425 0.0125 0.02133233532934132
0 0.335625 0.4569610778443114 0.02775 0.04491017964071856
0 0.264875 0.561938622754491 0.01925 0.027320359281437126
0 0.34825 0.6627994011976048 0.024 0.04191616766467066
0 0.44675000000000004 0.32316616766467066 0.023 0.030314371257485033
0 0.410625 0.2316616766467066 0.02025 0.037425149700598806
0 0.384125 0.12668413173652696 0.03075 0.03181137724550898
0 0.550125 0.09131736526946109 0.01625 0.021706586826347306
0 0.717875 0.20939371257485032 0.01725 0.027320359281437126
0 0.6005 0.2165044910179641 0.014 0.027320359281437126
0 0.5796250000000001 0.5076721556886228 0.01375 0.031062874251497008
0 0.7066250000000001 0.49925149700598803 0.01675 0.029191616766467067
0 0.7352500000000001 0.4193488023952096 0.0125 0.022829341317365272
0 0.7358750000000001 0.38547904191616766 0.01125 0.019461077844311378
0 0.715 0.26178892215568866 0.0165 0.030314371257485033
0 0.7993750000000001 0.29023203592814373 0.01725 0.025074850299401198
0 0.82475 0.3635853293413174 0.018000000000000002 0.030314371257485033
0 0.81325 0.42758233532934137 0.0175 0.031062874251497008
0 0.808 0.47342814371257486 0.0195 0.029191616766467067
0 0.74825 0.48633982035928147 0.0125 0.019835329341317365
0 0.8275 0.7311002994011977 0.0265 0.060254491017964075
0 0.797625 0.7664670658682635 0.01675 0.031437125748503
0 0.7458750000000001 0.7954715568862276 0.01325 0.025074850299401198
0 0.8255 0.9255239520958084 0.025 0.040419161676646706
0 0.872625 0.8837949101796407 0.02125 0.04004491017964072
0 0.9275 0.8894086826347306 0.0155 0.02881736526946108
0 0.800125 0.9936377245508983 0.01325 0.011976047904191617
0 0.21825 0.07185628742514971 0.0125 0.020209580838323353
0 0.465375 0.03536676646706587 0.05675 0.06773952095808383
0 0.8140000000000001 0.09580838323353294 0.0095 0.018712574850299403
0 0.8582500000000001 0.03967065868263473 0.0135 0.018712574850299403
