3 0.75725 0.5886976047904192 0.14200000000000002 0.17365269461077845
3 0.65725 0.5789670658682635 0.024 0.0344311377245509
3 0.54425 0.6448353293413174 0.03 0.031437125748503
3 0.51375 0.7548652694610779 0.097 0.14970059880239522
3 0.60175 0.721931137724551 0.079 0.18562874251497008
3 0.56125 0.5497754491017964 0.022 0.035928143712574856
3 0.60675 0.5385479041916168 0.053 0.11227544910179642
3 0.87025 0.5744760479041916 0.032 0.06137724550898204
3 0.88325 0.5101047904191617 0.034 0.0344311377245509
3 0.18725 0.6530688622754491 0.058 0.08083832335329341
3 0.23325 0.4509730538922156 0.03 0.04790419161676647
3 0.28975 0.6036676646706587 0.019 0.023952095808383235
3 0.32475 0.6291167664670659 0.023 0.056886227544910184
3 0.47475 0.5804640718562875 0.043000000000000003 0.07335329341317366
3 0.43525 0.7069610778443114 0.052000000000000005 0.08682634730538923
3 0.39625 0.6792664670658684 0.032 0.058383233532934134
3 0.39125 0.5437874251497007 0.022 0.038922155688622756
3 0.28425 0.6845059880239521 0.05 0.07485029940119761
3 0.23025 0.7863023952095809 0.04 0.04491017964071856
3 0.18425 0.7398952095808383 0.036000000000000004 0.08083832335329341
3 0.09625 0.8252245508982037 0.058 0.04191616766467066
3 0.14475 0.6792664670658684 0.027 0.04940119760479042
3 0.08825 0.721182634730539 0.038 0.08233532934131738
