0 0.15762500000000002 0.5828967065868264 0.01925 0.025823353293413176
0 0.35275 0.42122005988023953 0.0105 0.022829341317365272
0 0.33037500000000003 0.469872754491018 0.02225 0.03929640718562875
0 0.376375 0.4646332335329342 0.01975 0.04004491017964072
0 0.40975 0.46107784431137727 0.019 0.037425149700598806
0 0.43175 0.5072979041916168 0.024 0.035553892215568865
0 0.541625 0.6470808383233533 0.01725 0.037425149700598806
0 0.424375 0.36377245508982037 0.00925 0.011976047904191617
0 0.488375 0.5080464071856288 0.010750000000000001 0.014595808383233533
0 0.5275 0.5391092814371258 0.0175 0.014595808383233533
0 0.2285 0.08196107784431138 0.0095 0.014221556886227546
0 0.261125 0.07915419161676647 0.00975 0.022829341317365272
0 0.2905 0.02095808383233533 0.0105 0.0157185628742515
0 0.7212500000000001 0.9805389221556887 0.0185 0.03817365269461078
