3 0.4835 0.25261976047904194 0.08700000000000001 0.19835329341317368
3 0.361875 0.2906062874251497 0.14225000000000002 0.11115269461077845
3 0.294375 0.4290793413173653 0.06525 0.11115269461077845
3 0.535625 0.5606287425149701 0.04775 0.08383233532934133
3 0.36375 0.8102544910179641 0.046 0.0658682634730539
3 0.36425 0.5550149700598803 0.05 0.06137724550898204
3 0.434625 0.3944610778443114 0.01675 0.03293413173652695
3 0.1915 0.3179266467065868 0.063 0.08121257485029941
3 0.15625 0.7971556886227545 0.0445 0.06661676646706587
3 0.23675000000000002 0.9240269461077845 0.0315 0.037425149700598806
3 0.40125 0.9500374251497007 0.063 0.08944610778443114
3 0.20750000000000002 0.6422155688622755 0.057 0.07784431137724551
3 0.29175 0.09842814371257486 0.041 0.09131736526946109
3 0.341 0.04135479041916168 0.0565 0.08270958083832336
3 0.43625 0.053330838323353294 0.076 0.10666167664670659
3 0.10575 0.11489520958083833 0.065 0.11227544910179642
3 0.07025 0.3663922155688623 0.036000000000000004 0.040419161676646706
3 0.026125 0.4195359281437126 0.05225 0.0688622754491018
3 0.03125 0.34992514970059885 0.034 0.037425149700598806
3 0.010625 0.32410179640718567 0.02125 0.03667664670658683
3 0.03875 0.2166916167664671 0.07100000000000001 0.12724550898203593
3 0.7302500000000001 0.32672155688622756 0.032 0.035928143712574856
3 0.6687500000000001 0.3708832335329342 0.039 0.04341317365269461
