3 0.805125 0.43413173652694614 0.04475 0.056886227544910184
3 0.672 0.5488398203592815 0.0675 0.0782185628742515
3 0.51425 0.2651571856287425 0.0185 0.03480538922155689
3 0.5992500000000001 0.22286676646706588 0.0245 0.046781437125748504
3 0.43075 0.25860778443113774 0.018000000000000002 0.062874251497006
3 0.66625 0.42084580838323354 0.0285 0.023577844311377247
3 0.61725 0.4318862275449102 0.028 0.031437125748503
3 0.75025 0.42047155688622756 0.025500000000000002 0.046781437125748504
3 0.54025 0.5815868263473054 0.025 0.05389221556886228
3 0.48812500000000003 0.4260853293413174 0.03275 0.02881736526946108
