3 0.512625 0.18937125748502995 0.04025 0.0815868263473054
3 0.1215 0.4229041916167665 0.0555 0.09281437125748504
3 0.33437500000000003 0.9182260479041917 0.04675 0.03255988023952096
3 0.42412500000000003 0.9461077844311377 0.05425 0.029191616766467067
0 0.67025 0.09767964071856287 0.044 0.056886227544910184
0 0.71975 0.17327844311377247 0.021 0.028443113772455092
0 0.41125 0.2256736526946108 0.032 0.07035928143712575
0 0.44275000000000003 0.24214071856287428 0.019 0.037425149700598806
0 0.48825 0.3551646706586827 0.026000000000000002 0.04491017964071856
0 0.69825 0.30875748502994016 0.022 0.05089820359281438
0 0.81025 0.3065119760479042 0.02 0.031437125748503
0 0.5992500000000001 0.6366017964071856 0.022 0.038922155688622756
0 0.77375 0.6231287425149701 0.017 0.038922155688622756
0 0.52675 0.5752245508982037 0.027 0.029940119760479042
0 0.39375 0.3394461077844312 0.023 0.0344311377245509
1 0.25375000000000003 0.23615269461077845 0.08700000000000001 0.06137724550898204
3 0.28225 0.7982784431137725 0.02 0.023952095808383235
3 0.31025 0.7982784431137725 0.02 0.023952095808383235
3 0.32325 0.6066616766467067 0.028 0.038922155688622756
3 0.31675000000000003 0.5595059880239521 0.023 0.0344311377245509
3 0.28575 0.6328592814371258 0.019 0.02544910179640719
3 0.31625000000000003 0.7234281437125749 0.026000000000000002 0.029940119760479042
