0 0.10875 0.345434131736527 0.02 0.020209580838323353
0 0.202 0.3937125748502994 0.0145 0.018712574850299403
3 0.32325 0.42776946107784436 0.036000000000000004 0.06736526946107785
3 0.63175 0.3723802395209581 0.031 0.04940119760479042
3 0.48225 0.7309131736526947 0.042 0.07185628742514971
3 0.54225 0.843937125748503 0.044 0.04940119760479042
3 0.5427500000000001 0.5101047904191617 0.045 0.06736526946107785
3 0.5992500000000001 0.4801646706586827 0.046 0.07634730538922156
3 0.60975 0.7047155688622755 0.075 0.08532934131736528
3 0.6717500000000001 0.6089071856287426 0.023 0.040419161676646706
3 0.6687500000000001 0.563248502994012 0.031 0.04491017964071856
3 0.40825 0.4973802395209581 0.02 0.02694610778443114
3 0.54825 0.38136227544910184 0.06 0.04640718562874252
3 0.49475 0.39932634730538924 0.037 0.055389221556886234
3 0.44675000000000004 0.406062874251497 0.027 0.059880239520958084
1 0.77925 0.6059131736526946 0.138 0.3338323353293413
