3 0.8502500000000001 0.293 0.139 0.08399999999999999
3 0.783875 0.5755 0.13275 0.15366666666666667
3 0.5367500000000001 0.7341666666666666 0.025 0.08566666666666667
3 0.413875 0.5841666666666666 0.05325 0.06966666666666667
3 0.5915 0.42183333333333334 0.152 0.13899999999999998
3 0.224125 0.45016666666666666 0.05425 0.08833333333333333
3 0.316625 0.43133333333333335 0.04125 0.07666666666666666
3 0.15837500000000002 0.7001666666666666 0.01825 0.07833333333333332
3 0.10350000000000001 0.45816666666666667 0.0175 0.061
0 0.312625 0.22233333333333333 0.04175 0.06133333333333333
0 0.732875 0.18 0.05725 0.032
0 0.8085 0.17916666666666667 0.075 0.058333333333333334
