3 0.5785 0.8255988023952097 0.113 0.31886227544910184
0 0.490375 0.8327095808383234 0.01825 0.03293413173652695
3 0.11325 0.531811377245509 0.038 0.0658682634730539
3 0.14525 0.47118263473053895 0.028 0.04940119760479042
3 0.16225 0.3806137724550898 0.024 0.035928143712574856
3 0.23725000000000002 0.33420658682634735 0.024 0.03293413173652695
3 0.30225 0.3282185628742515 0.032 0.05089820359281438
3 0.34775 0.35217065868263475 0.023 0.038922155688622756
3 0.35925 0.4898952095808384 0.02 0.023952095808383235
3 0.41375 0.4794161676646707 0.027 0.038922155688622756
3 0.47175 0.4913922155688623 0.021 0.04191616766467066
3 0.57825 0.5400449101796407 0.17200000000000001 0.2320359281437126
3 0.26825 0.6919910179640719 0.058 0.08682634730538923
3 0.39825 0.6178892215568863 0.03 0.055389221556886234
3 0.17575000000000002 0.25486526946107785 0.023 0.04191616766467066
3 0.018125 0.25449101796407186 0.03625 0.04116766467065869
3 0.027125 0.46744011976047906 0.05425 0.04491017964071856
3 0.40925 0.2593562874251497 0.02 0.02694610778443114
3 0.40325 0.33645209580838326 0.018000000000000002 0.019461077844311378
3 0.39125 0.3888473053892216 0.022 0.037425149700598806
3 0.42575 0.37761976047904194 0.033 0.059880239520958084
3 0.44025000000000003 0.26459580838323354 0.016 0.019461077844311378
3 0.48825 0.23241017964071858 0.02 0.029940119760479042
3 0.47525 0.30800898203592814 0.092 0.1062874251497006
3 0.54575 0.32148203592814373 0.017 0.058383233532934134
3 0.6072500000000001 0.27657185628742514 0.014 0.02544910179640719
3 0.56075 0.20770958083832336 0.045 0.12125748502994013
3 0.12525 0.2032185628742515 0.036000000000000004 0.02544910179640719
