3 0.51775 0.34842814371257486 0.033 0.07035928143712575
1 0.22775 0.5744760479041916 0.027 0.04940119760479042
3 0.26875 0.5228293413173652 0.033 0.035928143712574856
3 0.56675 0.3379491017964072 0.027 0.055389221556886234
3 0.5952500000000001 0.46519461077844315 0.02 0.040419161676646706
3 0.61925 0.4135479041916168 0.024 0.035928143712574856
3 0.64275 0.4539670658682635 0.037 0.05089820359281438
3 0.62975 0.31474550898203596 0.035 0.04191616766467066
3 0.67875 0.3626497005988024 0.045 0.04790419161676647
3 0.58775 0.7024700598802396 0.027 0.04491017964071856
3 0.57625 0.7728293413173654 0.04 0.0688622754491018
3 0.44025000000000003 0.7398952095808383 0.048 0.059880239520958084
3 0.48025 0.7009730538922156 0.026000000000000002 0.05389221556886228
3 0.45675 0.6575598802395209 0.029 0.04491017964071856
3 0.30525 0.5280688622754491 0.028 0.04940119760479042
3 0.62425 0.6216317365269461 0.034 0.05089820359281438
3 0.61375 0.6687874251497007 0.029 0.037425149700598806
3 0.67475 0.6410928143712575 0.019 0.03293413173652695
3 0.34275 0.6657934131736527 0.075 0.18113772455089822
3 0.35625 0.534056886227545 0.042 0.14520958083832336
3 0.44475000000000003 0.5595059880239521 0.127 0.09730538922155689
3 0.49775 0.628368263473054 0.055 0.09131736526946109
3 0.40875 0.656062874251497 0.059000000000000004 0.09281437125748504
3 0.56175 0.5512724550898204 0.089 0.07485029940119761
3 0.52425 0.5041167664670659 0.024 0.02544910179640719
3 0.63575 0.5205838323353293 0.079 0.05239520958083833
3 0.75475 0.5243263473053893 0.165 0.23353293413173654
1 0.8502500000000001 0.593188622754491 0.052000000000000005 0.08682634730538923
