3 0.68425 0.4786676646706587 0.036000000000000004 0.037425149700598806
3 0.68625 0.5505239520958084 0.048 0.058383233532934134
3 0.77025 0.564745508982036 0.056 0.08083832335329341
3 0.6072500000000001 0.5377994011976048 0.066 0.07485029940119761
3 0.62625 0.5999251497005988 0.044 0.04940119760479042
3 0.57825 0.4666916167664671 0.032 0.040419161676646706
3 0.62975 0.4629491017964072 0.021 0.029940119760479042
3 0.42475 0.39258982035928147 0.097 0.07185628742514971
3 0.28575 0.5497754491017964 0.053 0.10778443113772455
3 0.34925 0.7166916167664671 0.07200000000000001 0.07934131736526946
3 0.44175000000000003 0.6672904191616766 0.047 0.08233532934131738
3 0.51075 0.624625748502994 0.055 0.059880239520958084
3 0.44725000000000004 0.5235778443113773 0.128 0.1631736526946108
3 0.52825 0.503368263473054 0.034 0.029940119760479042
3 0.34575 0.4816616766467066 0.065 0.08532934131736528
3 0.24325 0.4936377245508982 0.07 0.1631736526946108
3 0.29725 0.4644461077844312 0.028 0.05389221556886228
3 0.16275 0.4741766467065869 0.213 0.22904191616766467
3 0.19025 0.688997005988024 0.054 0.062874251497006
3 0.24225 0.6186377245508983 0.026000000000000002 0.04491017964071856
