3 0.17225000000000001 0.3102544910179641 0.05 0.062874251497006
3 0.40525 0.32297904191616766 0.038 0.037425149700598806
3 0.45425 0.3843562874251497 0.042 0.04940119760479042
3 0.21425 0.4135479041916168 0.052000000000000005 0.07185628742514971
3 0.24825 0.3708832335329342 0.044 0.05239520958083833
3 0.28525 0.3491766467065868 0.022 0.02694610778443114
3 0.41175 0.4487275449101797 0.027 0.04341317365269461
3 0.45425 0.48091317365269465 0.032 0.07185628742514971
3 0.36975 0.5220808383233533 0.221 0.3008982035928144
3 0.5337500000000001 0.5827095808383234 0.10300000000000001 0.2694610778443114
3 0.57225 0.4330089820359282 0.032 0.09580838323353294
3 0.61625 0.43001497005988026 0.05 0.07485029940119761
0 0.64975 0.5580089820359282 0.017 0.02544910179640719
3 0.61675 0.6440868263473054 0.035 0.059880239520958084
3 0.60575 0.5288173652694611 0.051000000000000004 0.09880239520958084
3 0.66825 0.5101047904191617 0.058 0.1032934131736527
3 0.6677500000000001 0.6133982035928144 0.037 0.07035928143712575
3 0.05775 0.6044161676646707 0.023 0.02544910179640719
0 0.11825000000000001 0.8544161676646707 0.014 0.02245508982035928
