3 0.05525 0.9187874251497007 0.054 0.040419161676646706
3 0.32875 0.6613023952095809 0.111 0.1062874251497006
3 0.24175 0.6291167664670659 0.047 0.05389221556886228
3 0.18325 0.5610029940119761 0.054 0.09431137724550899
3 0.26075 0.5086077844311377 0.063 0.08832335329341318
0 0.40125 0.02133233532934132 0.022 0.04191616766467066
3 0.48825 0.6822604790419162 0.076 0.10029940119760479
3 0.55875 0.627619760479042 0.037 0.056886227544910184
3 0.61525 0.6178892215568863 0.032 0.06137724550898204
3 0.57825 0.5220808383233533 0.04 0.04640718562874252
3 0.72875 0.5377994011976048 0.109 0.062874251497006
3 0.76825 0.45920658682634735 0.034 0.040419161676646706
3 0.78225 0.3948353293413174 0.03 0.058383233532934134
3 0.82525 0.42402694610778446 0.038 0.056886227544910184
