0 0.25825 0.8686377245508983 0.029 0.029940119760479042
2 0.67225 0.24513473053892218 0.016 0.02544910179640719
3 0.59125 0.39558383233532934 0.058 0.07185628742514971
3 0.65825 0.43001497005988026 0.058 0.08682634730538923
3 0.54925 0.4607035928143713 0.04 0.058383233532934134
3 0.52675 0.5250748502994013 0.045 0.06137724550898204
3 0.61575 0.4854041916167665 0.095 0.09580838323353294
3 0.67525 0.5520209580838323 0.036000000000000004 0.07035928143712575
3 0.71225 0.4981287425149701 0.046 0.11526946107784432
3 0.75925 0.5078592814371258 0.034 0.059880239520958084
3 0.79725 0.5669910179640719 0.042 0.06736526946107785
