3 0.358375 0.6702844311377246 0.051250000000000004 0.056886227544910184
3 0.390375 0.5881362275449102 0.03475 0.061751497005988025
3 0.63725 0.16654191616766467 0.03 0.04491017964071856
3 0.39025 0.49663173652694614 0.04 0.0344311377245509
3 0.17125 0.469685628742515 0.028 0.0344311377245509
3 0.5417500000000001 0.037050898203592815 0.033 0.037425149700598806
3 0.49225 0.16354790419161677 0.042 0.07485029940119761
3 0.61975 0.5460329341317366 0.059000000000000004 0.1032934131736527
3 0.68375 0.624625748502994 0.045 0.04191616766467066
3 0.68225 0.5550149700598803 0.034 0.037425149700598806
3 0.79325 0.3806137724550898 0.246 0.29940119760479045
3 0.79025 0.5759730538922156 0.03 0.0344311377245509
3 0.8552500000000001 0.5827095808383234 0.028 0.02694610778443114
3 0.89375 0.5699850299401198 0.017 0.02544910179640719
