3 0.26325 0.721931137724551 0.062 0.0688622754491018
3 0.24825 0.6538173652694611 0.048 0.058383233532934134
3 0.31675000000000003 0.7556137724550899 0.035 0.055389221556886234
3 0.31075 0.499625748502994 0.069 0.1062874251497006
3 0.40025 0.40681137724550903 0.066 0.09730538922155689
3 0.35075 0.43226047904191617 0.029 0.04940119760479042
3 0.17275000000000001 0.5392964071856288 0.029 0.05389221556886228
3 0.22875 0.4172904191616767 0.043000000000000003 0.04341317365269461
3 0.29975 0.3476796407185629 0.041 0.0658682634730539
3 0.48775 0.31549401197604793 0.039 0.04640718562874252
3 0.50075 0.5557634730538923 0.437 0.37425149700598803
3 0.09475 0.5954341317365269 0.017 0.019461077844311378
