3 0.28125 0.27432634730538924 0.038 0.04790419161676647
3 0.17225000000000001 0.4330089820359282 0.034 0.04790419161676647
3 0.41575 0.6964820359281437 0.055 0.0658682634730539
3 0.08575 0.6074101796407186 0.033 0.04940119760479042
3 0.16675 0.531062874251497 0.033 0.04341317365269461
3 0.26025 0.39708083832335334 0.028 0.04790419161676647
3 0.28575 0.4345059880239521 0.025 0.035928143712574856
3 0.29875 0.3252245508982036 0.017 0.029940119760479042
3 0.34025 0.2713323353293413 0.04 0.12275449101796408
3 0.44175000000000003 0.19797904191616766 0.025 0.04491017964071856
3 0.34025 0.5385479041916168 0.03 0.040419161676646706
3 0.44025000000000003 0.565494011976048 0.05 0.07634730538922156
3 0.48925 0.6455838323353293 0.042 0.056886227544910184
3 0.61525 0.7578592814371258 0.018000000000000002 0.029940119760479042
3 0.70625 0.623877245508982 0.046 0.04341317365269461
3 0.68125 0.281811377245509 0.036000000000000004 0.059880239520958084
3 0.62425 0.27432634730538924 0.028 0.04191616766467066
3 0.58375 0.2653443113772455 0.017 0.029940119760479042
3 0.5337500000000001 0.2032185628742515 0.029 0.02544910179640719
3 0.57925 0.20621257485029942 0.026000000000000002 0.0344311377245509
3 0.63125 0.469685628742515 0.024 0.0344311377245509
3 0.77825 0.42477544910179643 0.034 0.058383233532934134
3 0.74275 0.3192365269461078 0.08700000000000001 0.11377245508982037
3 0.75225 0.7249251497005988 0.076 0.08383233532934133
3 0.89225 0.6620508982035929 0.048 0.09880239520958084
1 0.82975 0.6792664670658684 0.117 0.27095808383233533
3 0.15775 0.7645958083832336 0.053 0.06736526946107785
3 0.14425 0.9068113772455091 0.138 0.11526946107784432
3 0.30675 0.9109281437125749 0.139 0.17739520958083835
