3 0.65325 0.7937874251497007 0.076 0.15868263473053892
3 0.56725 0.6740269461077845 0.046 0.05389221556886228
3 0.50875 0.7151946107784432 0.045 0.06736526946107785
3 0.70025 0.40456586826347307 0.048 0.062874251497006
3 0.48225 0.5370508982035929 0.054 0.10029940119760479
3 0.58475 0.44049401197604793 0.037 0.05089820359281438
3 0.6647500000000001 0.5183383233532934 0.045 0.04790419161676647
3 0.78075 0.5078592814371258 0.027 0.038922155688622756
3 0.71825 0.594685628742515 0.04 0.05089820359281438
3 0.7847500000000001 0.6074101796407186 0.049 0.09431137724550899
3 0.77825 0.7107035928143713 0.062 0.08233532934131738
3 0.6617500000000001 0.594685628742515 0.073 0.08682634730538923
3 0.71825 0.5228293413173652 0.054 0.0658682634730539
3 0.58325 0.56624251497006 0.052000000000000005 0.10479041916167665
1 0.83125 0.6785179640718564 0.028 0.08982035928143713
3 0.19475 0.36190119760479045 0.097 0.09431137724550899
3 0.16975 0.4801646706586827 0.047 0.058383233532934134
3 0.08375 0.5355538922155689 0.07100000000000001 0.1032934131736527
3 0.28025 0.5116017964071856 0.116 0.1541916167664671
3 0.35675 0.7159431137724551 0.153 0.23353293413173654
3 0.39525 0.4666916167664671 0.058 0.058383233532934134
