0 0.406125 0.5913173652694611 0.01125 0.011976047904191617
0 0.728875 0.5188997005988024 0.029750000000000002 0.03330838323353293
0 0.80275 0.751684131736527 0.0225 0.03255988023952096
0 0.7385 0.12163173652694612 0.0165 0.02470059880239521
0 0.46237500000000004 0.783308383233533 0.00925 0.018712574850299403
0 0.369875 0.6813248502994013 0.01425 0.01908682634730539
0 0.374125 0.6358532934131736 0.021750000000000002 0.02544910179640719
0 0.3735 0.7898577844311377 0.0265 0.04977544910179641
0 0.4965 0.7279191616766467 0.0325 0.035179640718562874
0 0.488 0.6218188622754491 0.048 0.05501497005988024
0 0.5407500000000001 0.689745508982036 0.0325 0.035179640718562874
0 0.440375 0.5909431137724551 0.01225 0.019461077844311378
0 0.435 0.6839446107784432 0.023 0.028068862275449104
0 0.29875 0.688435628742515 0.0195 0.024326347305389222
0 0.30125 0.75 0.0185 0.028443113772455092
0 0.238125 0.7754491017964072 0.02025 0.033682634730538924
0 0.341625 0.6315494011976048 0.01425 0.01908682634730539
0 0.712375 0.7747005988023953 0.014750000000000001 0.018712574850299403
0 0.704375 0.8736901197604791 0.01575 0.025074850299401198
0 0.748 0.846369760479042 0.0175 0.028068862275449104
0 0.8065 0.7982784431137725 0.0135 0.035928143712574856
0 0.82975 0.75187125748503 0.025 0.038922155688622756
0 0.724875 0.939184131736527 0.014750000000000001 0.024326347305389222
0 0.742625 0.9129865269461078 0.01125 0.014595808383233533
0 0.795 0.8521706586826348 0.01 0.019461077844311378
0 0.899375 0.6985404191616766 0.01825 0.028068862275449104
0 0.893 0.7760104790419162 0.023 0.02657185628742515
0 0.846 0.8052020958083833 0.036000000000000004 0.04154191616766467
0 0.83025 0.846182634730539 0.051000000000000004 0.029191616766467067
0 0.91025 0.8132485029940121 0.0235 0.029940119760479042
