3 0.355625 0.7434505988023953 0.03275 0.06998502994011976
3 0.63125 0.6212574850299402 0.0425 0.06661676646706587
3 0.42462500000000003 0.20808383233532934 0.06625 0.059880239520958084
3 0.724125 0.3104416167664671 0.03925 0.050523952095808386
3 0.721375 0.16242514970059882 0.07725 0.07634730538922156
3 0.64925 0.4644461077844312 0.078 0.08982035928143713
3 0.70675 0.3858532934131737 0.075 0.07035928143712575
3 0.50625 0.34842814371257486 0.042 0.07035928143712575
3 0.58925 0.1530688622754491 0.058 0.0658682634730539
3 0.47925 0.8873502994011977 0.054 0.07634730538922156
3 0.50175 0.8334580838323353 0.07100000000000001 0.055389221556886234
3 0.51525 0.7406437125748504 0.046 0.07335329341317366
