3 0.554 0.8581586826347306 0.049 0.06811377245508983
3 0.36062500000000003 0.2748877245508982 0.03375 0.0407934131736527
3 0.52625 0.3059505988023952 0.032 0.05800898203592815
3 0.833125 0.6220059880239521 0.04025 0.035928143712574856
3 0.8668750000000001 0.6699101796407186 0.02625 0.037425149700598806
3 0.30075 0.6089071856287426 0.041 0.09431137724550899
3 0.35025 0.6957335329341318 0.03 0.0344311377245509
3 0.31425000000000003 0.6785179640718564 0.028 0.03293413173652695
3 0.32175 0.7428892215568863 0.023 0.05389221556886228
3 0.52075 0.6141467065868264 0.027 0.062874251497006
3 0.55375 0.6126497005988024 0.015 0.04191616766467066
3 0.76375 0.8357035928143713 0.149 0.16467065868263475
