3 0.249125 0.3276571856287425 0.058750000000000004 0.10441616766467067
3 0.324125 0.2715194610778443 0.03925 0.06699101796407186
3 0.467625 0.43993263473053895 0.03475 0.11414670658682635
3 0.542 0.4659431137724551 0.062 0.0845808383233533
3 0.7106250000000001 0.5464071856287426 0.02925 0.037425149700598806
3 0.5982500000000001 0.23465568862275452 0.032 0.06437125748502995
3 0.59575 0.30202095808383234 0.025 0.037425149700598806
3 0.60175 0.3626497005988024 0.079 0.0658682634730539
3 0.47275 0.16654191616766467 0.023 0.017964071856287428
3 0.71475 0.44049401197604793 0.079 0.08383233532934133
1 0.89725 0.5130988023952097 0.136 0.17514970059880242
