3 0.43025 0.2713323353293413 0.03 0.03293413173652695
3 0.42275 0.31549401197604793 0.045 0.04940119760479042
3 0.46075 0.3162425149700599 0.027 0.04790419161676647
1 0.57825 0.5842065868263473 0.032 0.038922155688622756
3 0.34025 0.6216317365269461 0.042 0.062874251497006
3 0.30375 0.27357784431137727 0.025 0.02544910179640719
3 0.46625 0.04303892215568862 0.042 0.06736526946107785
3 0.50825 0.02881736526946108 0.028 0.035928143712574856
1 0.21625 0.531811377245509 0.04 0.08383233532934133
3 0.54125 0.18226047904191617 0.022 0.04640718562874252
3 0.51475 0.5789670658682635 0.027 0.028443113772455092
3 0.5327500000000001 0.4195359281437126 0.045 0.0658682634730539
3 0.61075 0.4285179640718563 0.043000000000000003 0.04790419161676647
3 0.55075 0.5370508982035929 0.023 0.02544910179640719
3 0.51875 0.5130988023952097 0.015 0.0344311377245509
3 0.47925 0.5572604790419162 0.02 0.02095808383233533
3 0.24925 0.5153443113772456 0.01 0.017964071856287428
3 0.31975000000000003 0.4958832335329342 0.015 0.038922155688622756
3 0.43725 0.46145209580838326 0.026000000000000002 0.05089820359281438
3 0.42975 0.5175898203592815 0.013000000000000001 0.02544910179640719
3 0.38025000000000003 0.5909431137724551 0.018000000000000002 0.037425149700598806
3 0.30875 0.5475299401197605 0.017 0.040419161676646706
3 0.33675 0.5512724550898204 0.019 0.038922155688622756
3 0.35325 0.5160928143712575 0.016 0.028443113772455092
3 0.39775 0.5063622754491018 0.027 0.038922155688622756
3 0.38425 0.469685628742515 0.018000000000000002 0.02544910179640719
