3 0.25925 0.32447604790419166 0.046 0.1032934131736527
3 0.44825 0.47342814371257486 0.08 0.07784431137724551
3 0.57375 0.3888473053892216 0.037 0.04940119760479042
3 0.43775000000000003 0.39333832335329344 0.215 0.14221556886227546
3 0.6667500000000001 0.6830089820359282 0.099 0.08083832335329341
3 0.56625 0.5497754491017964 0.032 0.059880239520958084
3 0.63575 0.5258233532934132 0.075 0.05089820359281438
3 0.78325 0.6620508982035929 0.134 0.2634730538922156
3 0.11125 0.563248502994012 0.018000000000000002 0.05389221556886228
3 0.43925000000000003 0.8312125748502994 0.09 0.19461077844311378
3 0.65275 0.4599550898203593 0.059000000000000004 0.08083832335329341
3 0.56575 0.7054640718562875 0.065 0.10479041916167665
