3 0.467625 0.4943862275449102 0.57625 0.532185628742515
3 0.767625 0.11863772455089822 0.13925 0.14820359281437126
3 0.94675 0.5737275449101796 0.023 0.04790419161676647
3 0.94025 0.5056137724550899 0.018000000000000002 0.037425149700598806
3 0.9257500000000001 0.7301646706586826 0.023 0.031437125748503
3 0.9722500000000001 0.7728293413173654 0.022 0.02694610778443114
3 0.9815 0.9346931137724551 0.0365 0.12911676646706588
3 0.93575 0.9756736526946108 0.039 0.04341317365269461
3 0.94325 0.9023203592814372 0.018000000000000002 0.031437125748503
3 0.94325 0.845434131736527 0.008 0.019461077844311378
3 0.91025 0.7885479041916168 0.02 0.02544910179640719
3 0.96975 0.6104041916167665 0.023 0.0344311377245509
