3 0.111625 0.5692365269461078 0.035750000000000004 0.05389221556886228
3 0.1665 0.563622754491018 0.039 0.058383233532934134
3 0.291 0.07634730538922156 0.049 0.08607784431137724
3 0.45675 0.5439745508982037 0.0455 0.052020958083832336
3 0.55675 0.7230538922155689 0.035 0.06511976047904192
3 0.56875 0.4472305389221557 0.024 0.06362275449101797
1 0.766375 0.5750374251497007 0.16625 0.3125
3 0.44125000000000003 0.22941616766467068 0.046 0.0658682634730539
3 0.46325 0.30875748502994016 0.036000000000000004 0.0658682634730539
3 0.50125 0.34244011976047906 0.04 0.06736526946107785
3 0.55175 0.3065119760479042 0.043000000000000003 0.07335329341317366
3 0.51975 0.23989520958083835 0.029 0.05389221556886228
1 0.36975 0.08495508982035929 0.029 0.031437125748503
