3 0.482875 0.10566666666666666 0.03625 0.04466666666666667
3 0.247 0.37666666666666665 0.035500000000000004 0.049999999999999996
3 0.28700000000000003 0.39749999999999996 0.024 0.041666666666666664
3 0.515125 0.387 0.021750000000000002 0.032
3 0.506375 0.1925 0.02925 0.04833333333333333
3 0.60375 0.36616666666666664 0.026000000000000002 0.043
3 0.5495 0.4681666666666667 0.0385 0.06966666666666667
3 0.5755 0.6258333333333334 0.0385 0.04033333333333333
3 0.30112500000000003 0.4493333333333333 0.01875 0.032
3 0.358875 0.46749999999999997 0.02825 0.028999999999999998
3 0.324125 0.46399999999999997 0.01875 0.019333333333333334
1 0.177125 0.7909999999999999 0.15625 0.118
3 0.2715 0.6411666666666667 0.0635 0.028999999999999998
3 0.25 0.7223333333333333 0.0605 0.11933333333333333
3 0.299 0.773 0.027 0.03733333333333333
3 0.407375 0.6856666666666666 0.02725 0.034666666666666665
3 0.15987500000000002 0.4855 0.05525 0.056999999999999995
3 0.177625 0.5425 0.02825 0.059666666666666666
3 0.13225 0.5785 0.0375 0.043
3 0.20475000000000002 0.5175 0.022 0.03166666666666666
3 0.30062500000000003 0.5375 0.01975 0.024999999999999998
3 0.216125 0.5565 0.01975 0.023666666666666666
3 0.23600000000000002 0.5821666666666666 0.02 0.024999999999999998
3 0.12662500000000002 0.6203333333333333 0.03025 0.032
3 0.163125 0.6709999999999999 0.10525 0.128
3 0.27137500000000003 0.5898333333333333 0.02825 0.04033333333333333
3 0.31 0.7113333333333333 0.026000000000000002 0.03333333333333333
3 0.3365 0.6598333333333333 0.046 0.047
3 0.33437500000000003 0.6091666666666666 0.02075 0.04033333333333333
