3 0.2235 0.6051646706586826 0.0685 0.1190119760479042
3 0.312625 0.592814371257485 0.04025 0.045658682634730545
3 0.445375 0.5726047904191617 0.09225 0.1317365269461078
3 0.476875 0.7133233532934132 0.03825 0.0815868263473054
3 0.56275 0.7685254491017964 0.088 0.0782185628742515
3 0.579 0.45939371257485034 0.1925 0.13660179640718564
3 0.58725 0.32110778443113774 0.0805 0.0845808383233533
3 0.914 0.7340943113772456 0.029 0.05726047904191617
1 0.880875 0.8650823353293414 0.058750000000000004 0.12088323353293413
3 0.63125 0.5565119760479043 0.038 0.058383233532934134
3 0.6052500000000001 0.62687125748503 0.054 0.07934131736526946
