3 0.536125 0.47904191616766467 0.021750000000000002 0.029191616766467067
3 0.6605 0.24550898203592816 0.025 0.027694610778443117
3 0.749125 0.14857784431137724 0.02825 0.038922155688622756
3 0.42025 0.40905688622754494 0.028 0.04790419161676647
3 0.42025 0.4861526946107785 0.032 0.05239520958083833
3 0.61525 0.44273952095808383 0.018000000000000002 0.02544910179640719
3 0.63325 0.15157185628742517 0.022 0.03293413173652695
3 0.51425 0.16504491017964074 0.026000000000000002 0.05389221556886228
3 0.55525 0.13959580838323354 0.024 0.02694610778443114
3 0.59575 0.19049401197604793 0.019 0.029940119760479042
3 0.65125 0.18974550898203593 0.03 0.040419161676646706
3 0.69075 0.22193113772455092 0.025 0.05089820359281438
3 0.7232500000000001 0.22717065868263475 0.03 0.05239520958083833
3 0.31225 0.6186377245508983 0.026000000000000002 0.04790419161676647
3 0.33775 0.5497754491017964 0.029 0.04191616766467066
3 0.37775000000000003 0.5625 0.019 0.02544910179640719
3 0.23875000000000002 0.4636976047904192 0.043000000000000003 0.04640718562874252
3 0.27125 0.502619760479042 0.024 0.037425149700598806
3 0.24425 0.534056886227545 0.03 0.055389221556886234
3 0.20075 0.502619760479042 0.039 0.08233532934131738
3 0.11725000000000001 0.4098053892215569 0.03 0.0344311377245509
