3 0.16875 0.6790793413173654 0.0195 0.04229041916167665
3 0.18887500000000002 0.7344685628742516 0.02725 0.035553892215568865
2 0.589875 0.9346931137724551 0.035750000000000004 0.058757485029940125
3 0.059750000000000004 0.4644461077844312 0.031 0.04790419161676647
3 0.02875 0.5243263473053893 0.027 0.07485029940119761
3 0.08875 0.3978293413173653 0.041 0.06437125748502995
3 0.70225 0.16205089820359284 0.058 0.11077844311377247
3 0.6667500000000001 0.2668413173652695 0.041 0.05389221556886228
3 0.56275 0.1343562874251497 0.027 0.031437125748503
3 0.41325 0.2159431137724551 0.052000000000000005 0.07185628742514971
3 0.48875 0.3282185628742515 0.063 0.0658682634730539
3 0.60375 0.35217065868263475 0.059000000000000004 0.07784431137724551
3 0.52325 0.5377994011976048 0.058 0.059880239520958084
3 0.45125 0.10591317365269462 0.07 0.06736526946107785
3 0.58775 0.2032185628742515 0.049 0.06736526946107785
3 0.36425 0.4562125748502994 0.03 0.10029940119760479
3 0.41225 0.438248502994012 0.018000000000000002 0.040419161676646706
3 0.44175000000000003 0.4285179640718563 0.023 0.02694610778443114
3 0.31225 0.49663173652694614 0.028 0.05239520958083833
3 0.28325 0.7174401197604791 0.042 0.08383233532934133
3 0.41025 0.6186377245508983 0.076 0.125748502994012
3 0.55125 0.6358532934131736 0.08 0.09431137724550899
3 0.62725 0.530314371257485 0.12 0.15568862275449102
3 0.7212500000000001 0.5737275449101796 0.024 0.023952095808383235
3 0.72375 0.6066616766467067 0.029 0.02694610778443114
3 0.71725 0.44947604790419166 0.022 0.02095808383233533
3 0.81175 0.3843562874251497 0.013000000000000001 0.019461077844311378
3 0.77875 0.49288922155688625 0.011 0.017964071856287428
3 0.65025 0.6777694610778443 0.046 0.07335329341317366
3 0.28025 0.593188622754491 0.038 0.04491017964071856
3 0.34275 0.6380988023952097 0.049 0.07784431137724551
3 0.20375000000000001 0.45770958083832336 0.11900000000000001 0.14221556886227546
3 0.51225 0.23914670658682635 0.04 0.07335329341317366
3 0.10925 0.5325598802395209 0.03 0.04940119760479042
