3 0.26375 0.5879491017964072 0.051000000000000004 0.05239520958083833
3 0.36325 0.655314371257485 0.052000000000000005 0.07035928143712575
3 0.48575 0.6336077844311377 0.049 0.04191616766467066
3 0.52575 0.689745508982036 0.121 0.07634730538922156
3 0.55275 0.7586077844311377 0.053 0.037425149700598806
3 0.49875 0.7638473053892216 0.029 0.02694610778443114
3 0.58875 0.4764221556886228 0.055 0.08083832335329341
3 0.62275 0.3566616766467066 0.035 0.059880239520958084
3 0.70975 0.36190119760479045 0.07100000000000001 0.04640718562874252
3 0.69775 0.6762724550898204 0.047 0.055389221556886234
3 0.68375 0.7630988023952097 0.077 0.07634730538922156
3 0.77975 0.5213323353293413 0.033 0.07185628742514971
3 0.7827500000000001 0.30875748502994016 0.031 0.038922155688622756
3 0.83125 0.3671407185628743 0.034 0.07185628742514971
3 0.86525 0.4292664670658683 0.046 0.058383233532934134
3 0.8562500000000001 0.5684880239520959 0.03 0.05239520958083833
3 0.80675 0.8274700598802396 0.097 0.06736526946107785
3 0.80875 0.7324101796407186 0.073 0.08083832335329341
3 0.90275 0.7361526946107785 0.029 0.028443113772455092
