3 0.114875 0.8914670658682635 0.02725 0.056886227544910184
3 0.18225 0.42776946107784436 0.036000000000000004 0.06137724550898204
3 0.58425 0.35441616766467066 0.06 0.08532934131736528
3 0.36925 0.41654191616766467 0.028 0.04790419161676647
3 0.50225 0.5490269461077845 0.044 0.06437125748502995
3 0.47825 0.4479790419161677 0.032 0.056886227544910184
3 0.39175 0.46519461077844315 0.035 0.040419161676646706
3 0.37125 0.5205838323353293 0.028 0.06437125748502995
3 0.56175 0.47717065868263475 0.025 0.040419161676646706
3 0.54975 0.628368263473054 0.061 0.07035928143712575
3 0.48975 0.6201347305389222 0.045 0.07185628742514971
3 0.6002500000000001 0.5078592814371258 0.052000000000000005 0.09580838323353294
3 0.68375 0.5475299401197605 0.031 0.04341317365269461
3 0.43525 0.6672904191616766 0.098 0.07934131736526946
3 0.26075 0.6605538922155689 0.043000000000000003 0.056886227544910184
1 0.44175000000000003 0.07372754491017965 0.039 0.04790419161676647
