3 0.48275 0.6467065868263473 0.043500000000000004 0.06511976047904192
3 0.639375 0.7344685628742516 0.03925 0.052020958083832336
3 0.93775 0.27732035928143717 0.051000000000000004 0.07485029940119761
3 0.8426250000000001 0.15849550898203593 0.04775 0.0782185628742515
3 0.81325 0.20883233532934134 0.013000000000000001 0.029191616766467067
3 0.82675 0.4008233532934132 0.0315 0.038922155688622756
3 0.9822500000000001 0.6165793413173654 0.0315 0.050523952095808386
3 0.984 0.5546407185628743 0.024 0.037425149700598806
3 0.8475 0.6498877245508983 0.0335 0.03255988023952096
3 0.874125 0.5857035928143713 0.01525 0.017964071856287428
