0 0.609125 0.4799775449101797 0.05575 0.061751497005988025
0 0.7312500000000001 0.4663173652694611 0.048 0.037425149700598806
0 0.718375 0.5044910179640719 0.02225 0.03293413173652695
0 0.667375 0.5843937125748503 0.04125 0.05501497005988024
0 0.748625 0.5727919161676647 0.03475 0.04303892215568862
0 0.335625 0.6828218562874252 0.01625 0.027320359281437126
0 0.34825 0.7644086826347306 0.024 0.06624251497005988
0 0.3255 0.16485778443113774 0.025 0.03330838323353293
0 0.126 0.48072604790419166 0.0375 0.06923652694610778
0 0.1765 0.45190868263473055 0.027 0.052020958083832336
0 0.823625 0.9565868263473054 0.03075 0.021706586826347306
0 0.15675 0.050336826347305394 0.024 0.02881736526946108
