3 0.105125 0.0656811377245509 0.05325 0.05501497005988024
0 0.08375 0.1532559880239521 0.0105 0.013098802395209582
3 0.15825 0.438997005988024 0.046 0.11676646706586827
3 0.55225 0.46519461077844315 0.038 0.058383233532934134
3 0.6052500000000001 0.48315868263473055 0.042 0.06137724550898204
3 0.61825 0.4172904191616767 0.04 0.055389221556886234
3 0.56275 0.3192365269461078 0.021 0.029940119760479042
3 0.50175 0.406062874251497 0.041 0.035928143712574856
3 0.47675 0.4562125748502994 0.035 0.040419161676646706
3 0.39425 0.3589071856287425 0.032 0.058383233532934134
3 0.42125 0.46519461077844315 0.032 0.055389221556886234
3 0.28625 0.5692365269461078 0.202 0.37125748502994016
3 0.12325 0.7331586826347306 0.052000000000000005 0.09131736526946109
