3 0.689375 0.22754491017964074 0.02625 0.027694610778443117
3 0.74325 0.14539670658682635 0.0185 0.035553892215568865
3 0.33225 0.25112275449101795 0.044 0.06137724550898204
3 0.26825 0.3566616766467066 0.034 0.04790419161676647
3 0.15875 0.30726047904191617 0.037 0.04191616766467066
3 0.07475 0.38735029940119764 0.017 0.028443113772455092
3 0.04725 0.6747754491017964 0.03 0.055389221556886234
3 0.38875 0.39333832335329344 0.17300000000000001 0.14520958083832336
3 0.23175 0.4764221556886228 0.057 0.09281437125748504
3 0.10175000000000001 0.5190868263473054 0.043000000000000003 0.05239520958083833
3 0.22725 0.7107035928143713 0.026000000000000002 0.055389221556886234
3 0.28925 0.749625748502994 0.026000000000000002 0.04341317365269461
3 0.12975 0.6044161676646707 0.137 0.13023952095808383
