0 0.3755 0.29360029940119764 0.025 0.04004491017964072
0 0.362 0.33102544910179643 0.0135 0.022829341317365272
0 0.398125 0.3216691616766467 0.01425 0.027320359281437126
0 0.442 0.35179640718562877 0.0385 0.0531437125748503
0 0.535625 0.5138473053892216 0.05475 0.07185628742514971
0 0.526 0.594498502994012 0.022 0.025823353293413176
0 0.592875 0.5254491017964072 0.02125 0.02320359281437126
0 0.600125 0.4779191616766467 0.01825 0.0344311377245509
0 0.54625 0.7290419161676647 0.022 0.029940119760479042
0 0.615 0.7103293413173654 0.0155 0.02470059880239521
0 0.33275 0.5570733532934132 0.0125 0.025823353293413176
0 0.33125 0.6614895209580839 0.0135 0.024326347305389222
0 0.162125 0.10067365269461079 0.01725 0.01721556886227545
0 0.9915 0.5486526946107785 0.0165 0.03817365269461078
0 0.982875 0.3944610778443114 0.01825 0.01721556886227545
