3 0.402 0.43020209580838326 0.01 0.016841317365269462
3 0.51325 0.6306137724550899 0.075 0.07709580838323354
3 0.533875 0.5248877245508983 0.02925 0.03181137724550898
3 0.385625 0.46744011976047906 0.014750000000000001 0.009730538922155689
3 0.434875 0.4502245508982036 0.00925 0.012724550898203594
3 0.4515 0.47492514970059885 0.011 0.03068862275449102
3 0.30825 0.4288922155688623 0.012 0.011976047904191617
3 0.27525 0.41878742514970063 0.008 0.008233532934131737
3 0.371 0.6652320359281437 0.005 0.013847305389221558
3 0.8728750000000001 0.48633982035928147 0.23425 0.5999251497005988
3 0.97475 0.07690868263473054 0.0225 0.028068862275449104
3 0.50775 0.11676646706586827 0.0195 0.037425149700598806
3 0.54875 0.3731287425149701 0.021 0.04491017964071856
3 0.57525 0.4008233532934132 0.024 0.031437125748503
3 0.65325 0.37163173652694614 0.022 0.02694610778443114
3 0.66325 0.3978293413173653 0.016 0.02544910179640719
3 0.69975 0.32148203592814373 0.017 0.02544910179640719
3 0.73975 0.34842814371257486 0.017 0.031437125748503
3 0.7332500000000001 0.37687125748503 0.068 0.06736526946107785
3 0.74175 0.45546407185628746 0.027 0.08083832335329341
3 0.70575 0.5108532934131736 0.045 0.035928143712574856
3 0.69225 0.4607035928143713 0.02 0.028443113772455092
3 0.6697500000000001 0.4921407185628743 0.019 0.02544910179640719
3 0.64075 0.4921407185628743 0.015 0.028443113772455092
3 0.63525 0.45770958083832336 0.014 0.019461077844311378
0 0.23975000000000002 0.7039670658682635 0.011 0.011976047904191617
