3 0.30725 0.32672155688622756 0.032 0.04491017964071856
3 0.49325 0.17926646706586827 0.05 0.06736526946107785
0 0.40325 0.48091317365269465 0.016 0.05089820359281438
3 0.74225 0.6530688622754491 0.028 0.05389221556886228
3 0.80425 0.6785179640718564 0.044 0.05089820359281438
3 0.85175 0.6508233532934132 0.037 0.07035928143712575
3 0.93525 0.5452844311377246 0.03 0.04191616766467066
3 0.83325 0.02881736526946108 0.038 0.04191616766467066
3 0.59175 0.12612275449101798 0.029 0.038922155688622756
3 0.66725 0.56624251497006 0.044 0.05389221556886228
3 0.74125 0.44947604790419166 0.026000000000000002 0.02694610778443114
3 0.88375 0.6380988023952097 0.023 0.03293413173652695
3 0.6587500000000001 0.6777694610778443 0.059000000000000004 0.07035928143712575
3 0.58675 0.5639970059880239 0.051000000000000004 0.06736526946107785
3 0.61175 0.5392964071856288 0.045 0.09580838323353294
1 0.45075 0.3880988023952096 0.229 0.14970059880239522
1 0.93875 0.41130239520958084 0.065 0.10029940119760479
