3 0.13425 0.5400449101796407 0.03 0.04940119760479042
3 0.15625 0.41429640718562877 0.024 0.028443113772455092
3 0.09775 0.41279940119760483 0.013000000000000001 0.031437125748503
3 0.10625 0.4779191616766467 0.018000000000000002 0.029940119760479042
3 0.21225 0.43076347305389223 0.048 0.04940119760479042
3 0.25025000000000003 0.28630239520958084 0.036000000000000004 0.05089820359281438
3 0.18575 0.13360778443113774 0.031 0.035928143712574856
3 0.36425 0.3409431137724551 0.076 0.08532934131736528
3 0.27025 0.4442365269461078 0.046 0.05239520958083833
3 0.31925000000000003 0.45770958083832336 0.04 0.058383233532934134
3 0.53325 0.48914670658682635 0.034 0.031437125748503
3 0.54325 0.5512724550898204 0.02 0.029940119760479042
3 0.57225 0.4898952095808384 0.028 0.04191616766467066
3 0.56675 0.626122754491018 0.017 0.023952095808383235
3 0.56675 0.7413922155688624 0.019 0.02095808383233533
3 0.49575 0.2316616766467066 0.035 0.04640718562874252
3 0.49125 0.156811377245509 0.034 0.058383233532934134
3 0.54775 0.3319610778443114 0.031 0.055389221556886234
3 0.45625 0.43974550898203596 0.02 0.0344311377245509
3 0.6012500000000001 0.28929640718562877 0.04 0.05389221556886228
3 0.56325 0.4225299401197605 0.026000000000000002 0.029940119760479042
3 0.6032500000000001 0.40456586826347307 0.012 0.014970059880239521
3 0.72575 0.3319610778443114 0.031 0.04341317365269461
3 0.6587500000000001 0.5916916167664671 0.067 0.07485029940119761
3 0.65925 0.6687874251497007 0.056 0.04341317365269461
3 0.70175 0.7114520958083833 0.033 0.05389221556886228
3 0.7272500000000001 0.5385479041916168 0.03 0.06137724550898204
3 0.64625 0.4779191616766467 0.014 0.02095808383233533
3 0.68225 0.4981287425149701 0.008 0.016467065868263474
3 0.80225 0.5325598802395209 0.06 0.08832335329341318
3 0.79425 0.4666916167664671 0.016 0.02245508982035928
3 0.74475 0.46519461077844315 0.015 0.01347305389221557
3 0.75125 0.5108532934131736 0.016 0.017964071856287428
3 0.39475 0.4854041916167665 0.021 0.02694610778443114
3 0.42925 0.5130988023952097 0.026000000000000002 0.0344311377245509
