0 0.551 0.14670658682634732 0.1165 0.12949101796407186
0 0.0905 0.07690868263473054 0.122 0.11938622754491018
0 0.375125 0.280688622754491 0.02225 0.040419161676646706
0 0.31325000000000003 0.5421032934131736 0.0455 0.04827844311377246
0 0.86875 0.9457335329341318 0.0615 0.1062874251497006
0 0.910625 0.9462949101796407 0.02225 0.04752994011976048
0 0.13125 0.15400449101796407 0.0365 0.04004491017964072
0 0.947625 0.656437125748503 0.01725 0.037425149700598806
0 0.59575 0.050336826347305394 0.0135 0.019835329341317365
0 0.311125 0.5980538922155689 0.03925 0.055389221556886234
0 0.403875 0.7146332335329342 0.02625 0.03929640718562875
0 0.379875 0.6317365269461078 0.03325 0.04491017964071856
0 0.35525 0.7879865269461078 0.04 0.05800898203592815
0 0.299 0.719685628742515 0.099 0.2035928143712575
