3 0.9616250000000001 0.5228293413173652 0.04675 0.0845808383233533
1 0.78725 0.5901946107784432 0.14200000000000002 0.2964071856287425
3 0.27775 0.6306137724550899 0.091 0.1287425149700599
3 0.37575000000000003 0.5999251497005988 0.063 0.07934131736526946
3 0.38375000000000004 0.41205089820359286 0.039 0.056886227544910184
3 0.87175 0.08121257485029941 0.047 0.04790419161676647
3 0.52325 0.4666916167664671 0.068 0.08233532934131738
3 0.5347500000000001 0.37986526946107785 0.057 0.04640718562874252
3 0.59475 0.4098053892215569 0.035 0.04640718562874252
3 0.59875 0.4898952095808384 0.035 0.059880239520958084
