1 0.093875 0.8858532934131738 0.08875 0.22754491017964074
1 0.060125 0.40101047904191617 0.11925000000000001 0.4764221556886228
1 0.28475 0.15232035928143714 0.115 0.2754491017964072
1 0.2965 0.9771706586826348 0.0225 0.04491017964071856
1 0.406375 0.9592065868263474 0.09825 0.08083832335329341
1 0.38075000000000003 0.8386976047904192 0.037 0.037425149700598806
1 0.50425 0.6949850299401198 0.23 0.15119760479041916
1 0.65175 0.6672904191616766 0.085 0.11676646706586827
1 0.55975 0.40905688622754494 0.251 0.29191616766467066
1 0.38075000000000003 0.4487275449101797 0.091 0.11676646706586827
1 0.25275000000000003 0.5976796407185629 0.203 0.13323353293413173
