3 0.213875 0.2885479041916168 0.03375 0.045658682634730545
3 0.33525 0.3888473053892216 0.03 0.037425149700598806
3 0.42725 0.2788173652694611 0.032 0.035928143712574856
3 0.35575 0.4898952095808384 0.025 0.038922155688622756
3 0.40325 0.5056137724550899 0.03 0.04640718562874252
3 0.45525 0.44648203592814373 0.038 0.04790419161676647
3 0.43775000000000003 0.5078592814371258 0.021 0.02694610778443114
3 0.53625 0.686751497005988 0.064 0.055389221556886234
3 0.53825 0.7593562874251497 0.024 0.029940119760479042
3 0.63575 0.7892964071856288 0.025 0.03293413173652695
3 0.58775 0.6762724550898204 0.039 0.02544910179640719
3 0.64925 0.659056886227545 0.026000000000000002 0.038922155688622756
3 0.49275 0.3566616766467066 0.031 0.03293413173652695
3 0.50975 0.23764970059880242 0.081 0.04940119760479042
3 0.5942500000000001 0.219685628742515 0.022 0.028443113772455092
3 0.59475 0.3843562874251497 0.035 0.06137724550898204
3 0.53825 0.4562125748502994 0.078 0.12125748502994013
3 0.59225 0.4622005988023952 0.022 0.04640718562874252
3 0.61225 0.5265718562874252 0.042 0.06437125748502995
3 0.69025 0.42028443113772457 0.11800000000000001 0.1601796407185629
3 0.71425 0.5677395209580839 0.108 0.11676646706586827
1 0.81175 0.5842065868263473 0.059000000000000004 0.059880239520958084
1 0.9812500000000001 0.8843562874251497 0.028 0.04640718562874252
