3 0.228 0.5778443113772456 0.0415 0.04940119760479042
3 0.351375 0.5508982035928144 0.01925 0.02320359281437126
3 0.20725000000000002 0.658682634730539 0.0235 0.02320359281437126
3 0.240875 0.6613023952095809 0.01325 0.032185628742514974
3 0.25425000000000003 0.6758982035928144 0.006 0.01347305389221557
3 0.294375 0.6860029940119761 0.02125 0.032185628742514974
3 0.285875 0.6182634730538923 0.02225 0.03817365269461078
3 0.27175 0.717627245508982 0.023 0.029565868263473054
3 0.12687500000000002 0.59375 0.11175 0.1433383233532934
0 0.962125 0.5606287425149701 0.02875 0.050149700598802395
