3 0.276 0.907747005988024 0.247 0.18375748502994013
3 0.27475 0.29528443113772457 0.033 0.038922155688622756
3 0.29025 0.3476796407185629 0.04 0.038922155688622756
3 0.39925 0.34019461077844315 0.048 0.0658682634730539
3 0.58925 0.2713323353293413 0.034 0.04491017964071856
3 0.54475 0.4479790419161677 0.031 0.04191616766467066
3 0.68575 0.530314371257485 0.033 0.062874251497006
3 0.63475 0.44049401197604793 0.035 0.029940119760479042
3 0.77325 0.39932634730538924 0.026000000000000002 0.037425149700598806
3 0.57175 0.5280688622754491 0.039 0.04940119760479042
3 0.54025 0.6957335329341318 0.044 0.07634730538922156
3 0.50525 0.6665419161676647 0.024 0.02694610778443114
3 0.53075 0.6171407185628743 0.033 0.056886227544910184
3 0.52025 0.5093562874251497 0.046 0.056886227544910184
3 0.42775 0.4217814371257485 0.023 0.055389221556886234
3 0.31675000000000003 0.45920658682634735 0.033 0.05239520958083833
3 0.33225 0.596182634730539 0.044 0.062874251497006
3 0.33425 0.718188622754491 0.036000000000000004 0.058383233532934134
3 0.42475 0.7069610778443114 0.025 0.03293413173652695
3 0.44875 0.5400449101796407 0.033 0.04341317365269461
3 0.44375000000000003 0.6403443113772456 0.055 0.07335329341317366
3 0.26875 0.5684880239520959 0.029 0.028443113772455092
3 0.24375 0.749625748502994 0.021 0.04640718562874252
3 0.20775000000000002 0.7361526946107785 0.027 0.037425149700598806
3 0.19925 0.690494011976048 0.03 0.035928143712574856
