0 0.28425 0.1403443113772455 0.0345 0.04191616766467066
0 0.410125 0.26197604790419166 0.06525 0.1092814371257485
0 0.276125 0.2281062874251497 0.03175 0.04154191616766467
0 0.247625 0.29210329341317365 0.05575 0.052020958083832336
0 0.656875 0.721182634730539 0.04525 0.09206586826347306
0 0.388125 0.5980538922155689 0.04225 0.09955089820359282
0 0.28750000000000003 0.4915793413173653 0.024 0.04752994011976048
0 0.5886250000000001 0.08345808383233533 0.01825 0.028443113772455092
0 0.64625 0.1279940119760479 0.02 0.040419161676646706
0 0.691875 0.1590568862275449 0.01925 0.03293413173652695
