3 0.735625 0.40662425149700604 0.02425 0.045284431137724554
3 0.792 0.2599176646706587 0.0315 0.08794910179640719
3 0.599 0.4897080838323354 0.025 0.04453592814371258
3 0.598 0.6036676646706587 0.025500000000000002 0.038922155688622756
3 0.6032500000000001 0.6493263473053893 0.0165 0.03293413173652695
3 0.6555 0.5838323353293413 0.0175 0.032185628742514974
3 0.44775000000000004 0.22342814371257486 0.085 0.09580838323353294
3 0.53075 0.29977544910179643 0.037 0.07185628742514971
3 0.51525 0.35815868263473055 0.044 0.04790419161676647
3 0.47225 0.41279940119760483 0.062 0.08532934131736528
