3 0.19225 0.6785179640718564 0.074 0.11077844311377247
3 0.28325 0.6642964071856288 0.062 0.07035928143712575
3 0.26625 0.564745508982036 0.088 0.07784431137724551
3 0.29525 0.4943862275449102 0.052000000000000005 0.056886227544910184
3 0.35925 0.5512724550898204 0.02 0.029940119760479042
3 0.25875 0.4741766467065869 0.017 0.019461077844311378
3 0.41025 0.42028443113772457 0.064 0.18113772455089822
3 0.29225 0.30800898203592814 0.026000000000000002 0.040419161676646706
3 0.73775 0.3723802395209581 0.045 0.04341317365269461
3 0.77125 0.3349550898203593 0.056 0.04940119760479042
3 0.43475 0.2713323353293413 0.029 0.059880239520958084
3 0.50125 0.12163173652694612 0.022 0.029940119760479042
3 0.51725 0.23465568862275452 0.028 0.040419161676646706
3 0.52775 0.3828592814371258 0.157 0.2410179640718563
3 0.61025 0.20770958083832336 0.04 0.07634730538922156
3 0.65575 0.17402694610778444 0.041 0.09281437125748504
3 0.69475 0.1747754491017964 0.037 0.04640718562874252
3 0.74075 0.23016467065868265 0.039 0.06437125748502995
3 0.75325 0.13585329341317365 0.04 0.04940119760479042
3 0.83125 0.2907934131736527 0.04 0.04191616766467066
