0 0.243875 0.23671407185628743 0.059750000000000004 0.07073353293413175
0 0.341 0.4324476047904192 0.0405 0.04752994011976048
0 0.436625 0.7305389221556887 0.02425 0.03293413173652695
0 0.11175 0.9142964071856288 0.109 0.17065868263473055
0 0.598625 0.9348802395209581 0.03825 0.04491017964071856
0 0.500125 0.9571482035928144 0.07975 0.04303892215568862
0 0.4255 0.2655314371257485 0.0155 0.024326347305389222
0 0.12175 0.752806886227545 0.0155 0.017589820359281437
0 0.18175 0.6979790419161677 0.028 0.07185628742514971
0 0.25625 0.6620508982035929 0.0365 0.0344311377245509
0 0.3145 0.530501497005988 0.0145 0.027320359281437126
0 0.3065 0.00785928143712575 0.0245 0.0157185628742515
