3 0.36275 0.30875748502994016 0.043000000000000003 0.035928143712574856
3 0.31525000000000003 0.3806137724550898 0.044 0.12275449101796408
3 0.35825 0.39258982035928147 0.038 0.09580838323353294
3 0.40325 0.41429640718562877 0.034 0.08233532934131738
3 0.44725000000000004 0.4008233532934132 0.026000000000000002 0.058383233532934134
3 0.34775 0.6141467065868264 0.057 0.0658682634730539
3 0.27975 0.6725299401197605 0.041 0.038922155688622756
3 0.42575 0.688248502994012 0.033 0.04341317365269461
3 0.62275 0.2660928143712575 0.023 0.04341317365269461
3 0.55225 0.20247005988023953 0.036000000000000004 0.04491017964071856
3 0.55525 0.407559880239521 0.038 0.0688622754491018
3 0.53025 0.4779191616766467 0.08600000000000001 0.029940119760479042
3 0.57225 0.5550149700598803 0.058 0.06137724550898204
3 0.59775 0.6747754491017964 0.23500000000000001 0.15119760479041916
3 0.83475 0.5789670658682635 0.123 0.13622754491017966
3 0.9177500000000001 0.4644461077844312 0.031 0.04191616766467066
3 0.62025 0.4442365269461078 0.044 0.0344311377245509
3 0.6647500000000001 0.49288922155688625 0.025 0.029940119760479042
3 0.6637500000000001 0.5984281437125749 0.041 0.05239520958083833
3 0.82125 0.42702095808383234 0.034 0.062874251497006
3 0.74975 0.2750748502994012 0.029 0.040419161676646706
3 0.7917500000000001 0.29902694610778446 0.023 0.031437125748503
3 0.74425 0.11414670658682635 0.056 0.059880239520958084
3 0.89425 0.20247005988023953 0.02 0.04191616766467066
3 0.80225 0.22043413173652696 0.014 0.023952095808383235
3 0.83475 0.23016467065868265 0.015 0.031437125748503
