3 0.13475 0.5400449101796407 0.101 0.08532934131736528
3 0.18475 0.6119011976047904 0.035 0.0344311377245509
3 0.24925 0.6800149700598803 0.018000000000000002 0.02095808383233533
3 0.31975000000000003 0.5610029940119761 0.033 0.05239520958083833
3 0.31275000000000003 0.4839071856287425 0.059000000000000004 0.07784431137724551
3 0.39425 0.49663173652694614 0.038 0.05239520958083833
3 0.36675 0.658308383233533 0.037 0.037425149700598806
3 0.41475 0.5991766467065869 0.027 0.02694610778443114
3 0.46125 0.6351047904191617 0.026000000000000002 0.023952095808383235
3 0.60575 0.6171407185628743 0.061 0.04790419161676647
3 0.58225 0.47717065868263475 0.046 0.0344311377245509
3 0.66925 0.564745508982036 0.036000000000000004 0.04191616766467066
3 0.39225 0.16654191616766467 0.202 0.15568862275449102
3 0.54125 0.15082335329341318 0.088 0.11826347305389222
3 0.62275 0.08121257485029941 0.121 0.11676646706586827
3 0.67225 0.18974550898203593 0.048 0.09431137724550899
3 0.72075 0.1373502994011976 0.063 0.12425149700598803
3 0.75975 0.39109281437125754 0.027 0.03293413173652695
3 0.71075 0.3125 0.023 0.0344311377245509
3 0.76675 0.281062874251497 0.027 0.058383233532934134
3 0.81575 0.29902694610778446 0.065 0.08532934131736528
3 0.8632500000000001 0.3806137724550898 0.022 0.038922155688622756
3 0.9067500000000001 0.40905688622754494 0.029 0.029940119760479042
