0 0.524875 0.722118263473054 0.021750000000000002 0.024326347305389222
0 0.024375 0.9898952095808384 0.01025 0.019461077844311378
0 0.042375 0.4642589820359282 0.08175 0.08495508982035929
0 0.7907500000000001 0.4316991017964072 0.037 0.05127245508982036
0 0.661125 0.3570359281437126 0.01625 0.021706586826347306
0 0.7055 0.2793787425149701 0.0175 0.024326347305389222
0 0.730625 0.8368263473053893 0.02125 0.03068862275449102
0 0.640375 0.6208832335329342 0.01575 0.023952095808383235
0 0.696375 0.23372005988023953 0.01625 0.024326347305389222
0 0.480125 0.5600673652694611 0.025750000000000002 0.02657185628742515
0 0.530125 0.873877245508982 0.02525 0.05389221556886228
0 0.574875 0.17122005988023953 0.02675 0.03929640718562875
0 0.713125 0.6064745508982037 0.03125 0.04752994011976048
0 0.654625 0.5988023952095809 0.01375 0.021706586826347306
0 0.704125 0.5430389221556886 0.014750000000000001 0.02320359281437126
0 0.5816250000000001 0.65812125748503 0.01575 0.016092814371257487
0 0.47450000000000003 0.46500748502994016 0.0105 0.014595808383233533
0 0.28875 0.34898952095808383 0.011 0.024326347305389222
0 0.396 0.4779191616766467 0.013000000000000001 0.02095808383233533
0 0.296 0.4137350299401198 0.025500000000000002 0.03255988023952096
0 0.29962500000000003 0.47511227544910184 0.012750000000000001 0.030314371257485033
0 0.77325 0.3551646706586827 0.025 0.033682634730538924
0 0.417 0.3516092814371258 0.0085 0.02133233532934132
0 0.467625 0.3355164670658683 0.01325 0.024326347305389222
0 0.262 0.5993637724550899 0.0085 0.01534431137724551
0 0.233375 0.4633233532934132 0.01325 0.02694610778443114
0 0.199375 0.48446856287425155 0.01025 0.02133233532934132
0 0.31825000000000003 0.6345434131736527 0.0085 0.01534431137724551
0 0.6715 0.5086077844311377 0.009000000000000001 0.0157185628742515
0 0.77275 0.35441616766467066 0.025 0.033682634730538924
0 0.605375 0.27694610778443113 0.03175 0.032185628742514974
0 0.603375 0.2037799401197605 0.01325 0.018338323353293415
0 0.55175 0.14502245508982037 0.0115 0.016841317365269462
0 0.7418750000000001 0.7159431137724551 0.01575 0.02470059880239521
0 0.82975 0.8014595808383234 0.015 0.016092814371257487
0 0.913625 0.7067739520958084 0.012750000000000001 0.020583832335329344
0 0.58575 0.8867889221556887 0.015 0.024326347305389222
0 0.50425 0.8270958083832336 0.029 0.031437125748503
0 0.70475 0.9113023952095809 0.013000000000000001 0.02245508982035928
