0 0.5563750000000001 0.12668413173652696 0.01525 0.02881736526946108
0 0.7438750000000001 0.2964071856287425 0.01725 0.020209580838323353
0 0.766875 0.40812125748503 0.01725 0.024326347305389222
0 0.80975 0.5080464071856288 0.051000000000000004 0.08345808383233533
0 0.206375 0.45546407185628746 0.01525 0.018712574850299403
0 0.272125 0.32877994011976047 0.01625 0.027320359281437126
0 0.280375 0.27208083832335334 0.00975 0.014221556886227546
0 0.27225 0.22960329341317368 0.0105 0.016092814371257487
0 0.49525 0.9492889221556887 0.0145 0.02133233532934132
0 0.541375 0.972305389221557 0.02025 0.047155688622754495
0 0.535125 0.8327095808383234 0.01725 0.021706586826347306
0 0.59 0.9232784431137725 0.0115 0.018712574850299403
0 0.57125 0.9522829341317366 0.0085 0.010104790419161677
0 0.5545 0.8989520958083833 0.0115 0.018712574850299403
