0 0.608875 0.7082709580838323 0.03325 0.0407934131736527
0 0.20675000000000002 0.23746257485029942 0.022 0.03181137724550898
0 0.378875 0.06624251497005988 0.09925 0.13248502994011976
0 0.079875 0.41654191616766467 0.01825 0.035928143712574856
3 0.241875 0.5688622754491018 0.01925 0.04491017964071856
3 0.4 0.45752245508982037 0.016 0.027320359281437126
3 0.361375 0.6302395209580839 0.01125 0.018712574850299403
3 0.6098750000000001 0.6482035928143713 0.03075 0.03817365269461078
3 0.44575000000000004 0.5988023952095809 0.0155 0.02470059880239521
0 0.5615 0.9934505988023953 0.0205 0.012350299401197605
0 0.69225 0.3703218562874252 0.0315 0.046781437125748504
0 0.817125 0.624064371257485 0.03325 0.0407934131736527
0 0.579875 0.8931511976047904 0.02225 0.0407934131736527
0 0.738625 0.7020958083832336 0.06375 0.0688622754491018
0 0.687 0.5486526946107785 0.016 0.023952095808383235
0 0.725 0.5888847305389222 0.0235 0.03480538922155689
0 0.555875 0.5812125748502994 0.02675 0.04191616766467066
0 0.558125 0.34038173652694614 0.02375 0.04004491017964072
0 0.5942500000000001 0.5190868263473054 0.0405 0.05089820359281438
0 0.598625 0.4586452095808384 0.017750000000000002 0.027320359281437126
0 0.6175 0.2945359281437126 0.0145 0.026197604790419163
0 0.8145 0.4638847305389222 0.015 0.02133233532934132
0 0.7322500000000001 0.34898952095808383 0.018000000000000002 0.025074850299401198
0 0.63625 0.2350299401197605 0.013000000000000001 0.019461077844311378
0 0.803875 0.657372754491018 0.02425 0.024326347305389222
0 0.832375 0.6704715568862276 0.01725 0.016092814371257487
0 0.87525 0.6936751497005988 0.0665 0.05800898203592815
0 0.776625 0.8254116766467067 0.02225 0.04004491017964072
3 0.268 0.565494011976048 0.0145 0.02320359281437126
3 0.311125 0.38136227544910184 0.01625 0.031437125748503
