3 0.338875 0.7556137724550899 0.02725 0.045658682634730545
3 0.624125 0.46519461077844315 0.04575 0.07335329341317366
3 0.615 0.4000748502994012 0.0315 0.050149700598802395
3 0.42362500000000003 0.313061377245509 0.02725 0.035553892215568865
3 0.30825 0.35441616766467066 0.026000000000000002 0.05239520958083833
3 0.60575 0.6732784431137725 0.07100000000000001 0.13922155688622756
3 0.43775000000000003 0.4913922155688623 0.029 0.062874251497006
3 0.68325 0.4157934131736527 0.02 0.031437125748503
3 0.69225 0.47118263473053895 0.024 0.04940119760479042
3 0.7302500000000001 0.4659431137724551 0.036000000000000004 0.08383233532934133
3 0.75125 0.6021706586826348 0.094 0.17065868263473055
