3 0.599125 0.2674026946107785 0.058750000000000004 0.061751497005988025
3 0.38925 0.6384730538922156 0.043500000000000004 0.05239520958083833
3 0.3605 0.3660179640718563 0.0315 0.037425149700598806
3 0.48175 0.2659056886227545 0.074 0.12687125748502995
3 0.65325 0.5857035928143713 0.018000000000000002 0.038922155688622756
3 0.67575 0.5782185628742516 0.023 0.04790419161676647
3 0.66925 0.62687125748503 0.012 0.010479041916167666
3 0.7927500000000001 0.7728293413173654 0.041 0.05089820359281438
3 0.73875 0.7698353293413174 0.017 0.02095808383233533
3 0.73275 0.6762724550898204 0.029 0.0344311377245509
3 0.77325 0.503368263473054 0.048 0.1287425149700599
3 0.81125 0.5093562874251497 0.018000000000000002 0.04191616766467066
3 0.8442500000000001 0.3574101796407186 0.022 0.031437125748503
3 0.87225 0.5333083832335329 0.046 0.08982035928143713
3 0.80025 0.6395958083832336 0.014 0.02095808383233533
3 0.81775 0.6081586826347306 0.035 0.04191616766467066
3 0.86675 0.656811377245509 0.031 0.08832335329341318
