0 0.451875 0.4040044910179641 0.05575 0.04827844311377246
0 0.18475 0.8880988023952097 0.076 0.10104790419161677
0 0.09475 0.6916167664670659 0.023 0.05613772455089821
0 0.026000000000000002 0.44011976047904194 0.0185 0.027694610778443117
0 0.0645 0.6802020958083833 0.0145 0.024326347305389222
0 0.098625 0.9535928143712575 0.01725 0.027694610778443117
0 0.20725000000000002 0.7872380239520959 0.021 0.06324850299401198
0 0.153 0.7376497005988024 0.0105 0.021706586826347306
0 0.536625 0.5273203592814372 0.01925 0.03817365269461078
0 0.23875000000000002 0.5290044910179641 0.037 0.06848802395209581
0 0.33375 0.5123502994011976 0.032 0.06811377245508983
0 0.531 0.35853293413173654 0.0125 0.0157185628742515
0 0.5503750000000001 0.313061377245509 0.029750000000000002 0.034056886227544915
0 0.460125 0.3396332335329342 0.02075 0.029565868263473054
0 0.35175 0.2717065868263473 0.1255 0.15793413173652696
0 0.2575 0.3261601796407186 0.0195 0.03330838323353293
0 0.293 0.4036302395209581 0.022 0.03255988023952096
0 0.330625 0.407747005988024 0.03925 0.09244011976047904
0 0.180875 0.5679266467065869 0.02825 0.031062874251497008
0 0.131375 0.5703592814371258 0.03675 0.032185628742514974
0 0.16925 0.49307634730538924 0.012 0.02657185628742515
0 0.216125 0.4545284431137725 0.01575 0.028068862275449104
0 0.161125 0.3789296407185629 0.01325 0.023577844311377247
0 0.03175 0.4958832335329342 0.0585 0.045658682634730545
0 0.4205 0.14277694610778444 0.032 0.03854790419161677
0 0.607875 0.21145209580838326 0.04275 0.05239520958083833
0 0.20800000000000002 0.53125 0.018000000000000002 0.025074850299401198
0 0.15687500000000001 0.5512724550898204 0.00825 0.01347305389221557
