3 0.2285 0.439184131736527 0.076 0.08944610778443114
3 0.30025 0.23652694610778444 0.0675 0.0845808383233533
3 0.279 0.35441616766467066 0.064 0.06362275449101797
3 0.386625 0.35460329341317365 0.09225 0.08944610778443114
3 0.8143750000000001 0.3611526946107785 0.06325 0.08308383233532934
3 0.62475 0.31137724550898205 0.038 0.055389221556886234
3 0.733375 0.16991017964071858 0.02925 0.06511976047904192
3 0.69375 0.45546407185628746 0.013000000000000001 0.03293413173652695
3 0.7967500000000001 0.16654191616766467 0.045 0.056886227544910184
3 0.8532500000000001 0.22342814371257486 0.028 0.062874251497006
3 0.90375 0.313997005988024 0.039 0.055389221556886234
