3 0.66825 0.5991766467065869 0.038 0.062874251497006
3 0.75125 0.5669910179640719 0.032 0.08832335329341318
3 0.63075 0.6470808383233533 0.051000000000000004 0.09580838323353294
3 0.52825 0.500374251497006 0.154 0.281437125748503
3 0.37175 0.48315868263473055 0.063 0.08832335329341318
3 0.16475 0.27657185628742514 0.033 0.08233532934131738
3 0.44375000000000003 0.282559880239521 0.049 0.06736526946107785
3 0.48975 0.3289670658682635 0.019 0.04341317365269461
3 0.52425 0.3282185628742515 0.028 0.04491017964071856
3 0.39425 0.37761976047904194 0.112 0.125748502994012
3 0.25725 0.3566616766467066 0.112 0.17365269461077845
3 0.32675 0.28779940119760483 0.021 0.02694610778443114
3 0.23325 0.23016467065868265 0.028 0.06137724550898204
