3 0.666 0.6629865269461078 0.025 0.03255988023952096
3 0.7186250000000001 0.8980164670658684 0.02825 0.050523952095808386
3 0.749625 0.8695733532934132 0.01625 0.035553892215568865
3 0.717 0.7572979041916168 0.025 0.035553892215568865
3 0.791125 0.9354416167664671 0.07475 0.1283682634730539
3 0.227375 0.09655688622754492 0.02375 0.026197604790419163
3 0.17675 0.1414670658682635 0.0315 0.037425149700598806
3 0.167125 0.042103293413173655 0.02275 0.024326347305389222
3 0.38725 0.6014221556886228 0.026000000000000002 0.055389221556886234
3 0.53425 0.43375748502994016 0.046 0.08233532934131738
3 0.58525 0.40456586826347307 0.024 0.03293413173652695
3 0.5337500000000001 0.3199850299401198 0.023 0.040419161676646706
3 0.45725 0.3596556886227545 0.046 0.04191616766467066
3 0.42125 0.41429640718562877 0.062 0.09131736526946109
3 0.36775 0.4607035928143713 0.031 0.06736526946107785
3 0.21125 0.5789670658682635 0.088 0.07035928143712575
3 0.29725 0.534805389221557 0.048 0.0658682634730539
