0 0.550625 0.26627994011976047 0.02125 0.04303892215568862
0 0.5317500000000001 0.407372754491018 0.024 0.03480538922155689
0 0.569875 0.4195359281437126 0.03075 0.04191616766467066
0 0.617375 0.345434131736527 0.03375 0.048652694610778445
0 0.64675 0.3944610778443114 0.0365 0.037425149700598806
0 0.745375 0.37930389221556887 0.01825 0.024326347305389222
0 0.60775 0.5117889221556886 0.035500000000000004 0.04752994011976048
0 0.675625 0.562125748502994 0.07875 0.05913173652694611
0 0.68375 0.20733532934131738 0.0165 0.02320359281437126
0 0.41975 0.36208832335329344 0.0155 0.013098802395209582
