3 0.333625 0.17608532934131738 0.32525 0.35217065868263475
3 0.03325 0.2653443113772455 0.0665 0.437125748502994
3 0.58725 0.45920658682634735 0.042 0.0344311377245509
3 0.39425 0.5183383233532934 0.028 0.05089820359281438
3 0.44675000000000004 0.41130239520958084 0.019 0.02245508982035928
3 0.38225000000000003 0.6029191616766467 0.018000000000000002 0.028443113772455092
3 0.16975 0.5535179640718563 0.019 0.019461077844311378
3 0.50925 0.7855538922155689 0.032 0.07035928143712575
3 0.22025 0.4449850299401198 0.016 0.02694610778443114
3 0.27775 0.3806137724550898 0.017 0.02095808383233533
