3 0.416625 0.561938622754491 0.03475 0.058757485029940125
3 0.492 0.49850299401197606 0.0315 0.038922155688622756
3 0.534375 0.7028443113772456 0.03375 0.047155688622754495
3 0.232875 0.812687125748503 0.058750000000000004 0.04229041916167665
3 0.618125 0.5220808383233533 0.04675 0.07335329341317366
3 0.74425 0.4601422155688623 0.029500000000000002 0.050523952095808386
3 0.848625 0.46912425149700604 0.035750000000000004 0.04229041916167665
3 0.873625 0.5172155688622755 0.02075 0.014970059880239521
3 0.40725 0.4375 0.02 0.04491017964071856
3 0.43725 0.4449850299401198 0.024 0.04491017964071856
3 0.70425 0.502619760479042 0.042 0.06437125748502995
3 0.7212500000000001 0.5767215568862276 0.054 0.059880239520958084
3 0.8572500000000001 0.0969311377245509 0.044 0.05239520958083833
3 0.89075 0.13510479041916168 0.035 0.038922155688622756
3 0.9227500000000001 0.11639221556886228 0.057 0.058383233532934134
3 0.9227500000000001 0.1785179640718563 0.027 0.04191616766467066
3 0.46675 0.38136227544910184 0.023 0.0344311377245509
