3 0.20625000000000002 0.5376122754491018 0.025 0.09094311377245509
3 0.5415 0.49045658682634735 0.0325 0.022829341317365272
3 0.6833750000000001 0.5293787425149701 0.051250000000000004 0.04229041916167665
3 0.750625 0.6057260479041916 0.014750000000000001 0.029565868263473054
3 0.77675 0.6959206586826348 0.017 0.02881736526946108
3 0.813125 0.5527694610778443 0.04525 0.09056886227544911
3 0.8285 0.8693862275449102 0.026000000000000002 0.055389221556886234
3 0.36025 0.4779191616766467 0.07200000000000001 0.08682634730538923
3 0.42125 0.4225299401197605 0.044 0.059880239520958084
3 0.47175 0.41504491017964074 0.027 0.03293413173652695
