3 0.77575 0.21463323353293415 0.0335 0.043787425149700604
3 0.45375 0.4898952095808384 0.033 0.08083832335329341
3 0.50825 0.5370508982035929 0.034 0.055389221556886234
3 0.57275 0.5123502994011976 0.037 0.056886227544910184
3 0.72575 0.43226047904191617 0.047 0.07035928143712575
3 0.69925 0.5707335329341318 0.04 0.04491017964071856
3 0.7192500000000001 0.658308383233533 0.048 0.06137724550898204
3 0.74775 0.5587574850299402 0.039 0.035928143712574856
3 0.7837500000000001 0.593188622754491 0.041 0.03293413173652695
3 0.82325 0.5557634730538923 0.096 0.11377245508982037
3 0.82925 0.5063622754491018 0.03 0.04191616766467066
3 0.78525 0.3671407185628743 0.024 0.029940119760479042
3 0.83425 0.38136227544910184 0.06 0.06736526946107785
3 0.87075 0.4666916167664671 0.047 0.05239520958083833
3 0.88275 0.5153443113772456 0.047 0.05389221556886228
3 0.90575 0.3843562874251497 0.021 0.028443113772455092
