3 0.5317500000000001 0.784805389221557 0.0195 0.035928143712574856
3 0.19975 0.7354041916167665 0.027 0.04491017964071856
3 0.27175 0.7982784431137725 0.059000000000000004 0.062874251497006
3 0.35175 0.628368263473054 0.017 0.0344311377245509
3 0.28225 0.40306886227544914 0.012 0.029940119760479042
3 0.31275000000000003 0.4098053892215569 0.027 0.04341317365269461
3 0.37925000000000003 0.4330089820359282 0.022 0.038922155688622756
3 0.36975 0.3252245508982036 0.015 0.038922155688622756
3 0.52175 0.1343562874251497 0.025 0.02544910179640719
3 0.27125 0.1942365269461078 0.022 0.04640718562874252
3 0.22075 0.3027694610778443 0.045 0.08383233532934133
3 0.16675 0.3604041916167665 0.045 0.06137724550898204
3 0.20575000000000002 0.4786676646706587 0.031 0.028443113772455092
3 0.29875 0.24513473053892218 0.019 0.0344311377245509
1 0.07175000000000001 0.11863772455089822 0.043000000000000003 0.07784431137724551
