3 0.805125 0.4406811377245509 0.02925 0.034056886227544915
3 0.71275 0.503368263473054 0.025 0.038922155688622756
3 0.52175 0.7823727544910181 0.07100000000000001 0.050523952095808386
3 0.07775 0.5767215568862276 0.055 0.062874251497006
3 0.16575 0.4292664670658683 0.049 0.10029940119760479
3 0.19675 0.6351047904191617 0.085 0.08682634730538923
3 0.25875 0.5699850299401198 0.065 0.09730538922155689
3 0.26625 0.45770958083832336 0.032 0.06137724550898204
3 0.27275 0.7241766467065869 0.043000000000000003 0.05239520958083833
3 0.33325 0.6493263473053893 0.098 0.1661676646706587
3 0.41775 0.6747754491017964 0.075 0.12724550898203593
3 0.49325 0.6575598802395209 0.074 0.12275449101796408
3 0.50225 0.5557634730538923 0.04 0.059880239520958084
3 0.41125 0.5595059880239521 0.036000000000000004 0.06137724550898204
3 0.42375 0.5056137724550899 0.027 0.040419161676646706
3 0.33025 0.41429640718562877 0.036000000000000004 0.04940119760479042
3 0.52875 0.49064371257485034 0.037 0.04640718562874252
3 0.55725 0.44199101796407186 0.028 0.03293413173652695
3 0.46275 0.4352544910179641 0.027 0.037425149700598806
3 0.41175 0.4292664670658683 0.025 0.040419161676646706
3 0.35525 0.4883982035928144 0.018000000000000002 0.02694610778443114
1 0.12575 0.5812125748502994 0.025 0.056886227544910184
3 0.49575 0.4000748502994012 0.021 0.03293413173652695
1 0.6677500000000001 0.6216317365269461 0.219 0.18862275449101798
