3 0.424375 0.5411676646706587 0.03425 0.04266467065868264
3 0.270625 0.5248877245508983 0.05225 0.022829341317365272
3 0.166375 0.39708083832335334 0.03425 0.02245508982035928
3 0.35225 0.5086077844311377 0.052000000000000005 0.04640718562874252
3 0.37025 0.5542664670658684 0.03 0.02694610778443114
3 0.37325 0.5857035928143713 0.016 0.014970059880239521
3 0.76175 0.5280688622754491 0.017 0.019461077844311378
3 0.81775 0.5220808383233533 0.059000000000000004 0.04640718562874252
3 0.87425 0.5392964071856288 0.05 0.062874251497006
3 0.92225 0.5452844311377246 0.026000000000000002 0.035928143712574856
