0 0.642875 0.596556886227545 0.02125 0.11377245508982037
0 0.37075 0.811751497005988 0.021 0.031437125748503
0 0.342375 0.8319610778443114 0.01825 0.031437125748503
0 0.417 0.9427395209580839 0.0115 0.0344311377245509
0 0.4625 0.5203967065868264 0.0145 0.027320359281437126
0 0.379 0.5044910179640719 0.0105 0.02470059880239521
0 0.254875 0.626122754491018 0.02025 0.026197604790419163
0 0.368875 0.6203218562874252 0.01925 0.022829341317365272
0 0.2545 0.7110778443113773 0.0135 0.014221556886227546
0 0.759125 0.8643338323353293 0.01725 0.030314371257485033
0 0.668375 0.8549775449101797 0.00875 0.019835329341317365
0 0.31975000000000003 0.3196107784431138 0.0115 0.020209580838323353
0 0.69475 0.4814745508982036 0.0115 0.016092814371257487
0 0.225625 0.6399700598802396 0.02125 0.05613772455089821
0 0.128875 0.13959580838323354 0.07025 0.048652694610778445
0 0.14100000000000001 0.055389221556886234 0.0345 0.035928143712574856
0 0.1245 0.007110778443113773 0.01 0.014221556886227546
0 0.065 0.6233158682634731 0.0115 0.014595808383233533
0 0.099625 0.6931137724550899 0.01525 0.012724550898203594
0 0.4915 0.6513847305389222 0.0105 0.013098802395209582
0 0.407875 0.7305389221556887 0.00675 0.0157185628742515
0 0.167875 0.9457335329341318 0.01325 0.01721556886227545
0 0.40725 0.08851047904191617 0.0385 0.058757485029940125
