3 0.60175 0.062125748502994016 0.0465 0.12425149700598803
3 0.69375 0.03929640718562875 0.043500000000000004 0.0785928143712575
3 0.21625 0.2967814371257485 0.076 0.08383233532934133
3 0.23325 0.38136227544910184 0.042 0.07934131736526946
3 0.30425 0.2660928143712575 0.07200000000000001 0.09131736526946109
3 0.40525 0.2316616766467066 0.05 0.07634730538922156
3 0.38225000000000003 0.156811377245509 0.034 0.04341317365269461
3 0.31125 0.12462574850299402 0.048 0.0658682634730539
3 0.38925 0.35591317365269465 0.036000000000000004 0.040419161676646706
3 0.34775 0.5190868263473054 0.017 0.02245508982035928
1 0.31925000000000003 0.561751497005988 0.036000000000000004 0.07784431137724551
3 0.40075 0.47492514970059885 0.021 0.035928143712574856
3 0.47375 0.5886976047904192 0.083 0.1317365269461078
3 0.49525 0.6740269461077845 0.038 0.038922155688622756
3 0.52275 0.40232035928143717 0.049 0.05239520958083833
3 0.52675 0.4824101796407186 0.041 0.0658682634730539
3 0.54825 0.6328592814371258 0.042 0.055389221556886234
3 0.61675 0.6328592814371258 0.089 0.11826347305389222
3 0.61925 0.35217065868263475 0.078 0.08682634730538923
3 0.5377500000000001 0.22193113772455092 0.033 0.04790419161676647
3 0.47975 0.22791916167664672 0.025 0.029940119760479042
3 0.58275 0.2159431137724551 0.037 0.04191616766467066
3 0.58625 0.4756736526946108 0.012 0.02544910179640719
3 0.70375 0.4898952095808384 0.023 0.05089820359281438
3 0.75525 0.49288922155688625 0.04 0.08083832335329341
3 0.69325 0.5610029940119761 0.11800000000000001 0.13323353293413173
3 0.79425 0.5812125748502994 0.078 0.08682634730538923
3 0.76475 0.7009730538922156 0.027 0.04191616766467066
3 0.81225 0.6762724550898204 0.016 0.040419161676646706
