3 0.308875 0.12107035928143714 0.02825 0.061751497005988025
3 0.23500000000000001 0.056886227544910184 0.043500000000000004 0.056886227544910184
3 0.78825 0.20415419161676648 0.0195 0.052020958083832336
3 0.855125 0.21051646706586827 0.02925 0.045284431137724554
3 0.26625 0.5243263473053893 0.046 0.11676646706586827
3 0.31375000000000003 0.5041167664670659 0.027 0.055389221556886234
3 0.32925 0.6627994011976048 0.03 0.028443113772455092
3 0.21425 0.7092065868263473 0.078 0.12125748502994013
3 0.14175000000000001 0.4285179640718563 0.039 0.05389221556886228
3 0.06275 0.42402694610778446 0.025 0.03293413173652695
3 0.03225 0.6321107784431138 0.042 0.04491017964071856
3 0.09475 0.5475299401197605 0.037 0.1092814371257485
3 0.43025 0.7294161676646707 0.036000000000000004 0.05389221556886228
3 0.41025 0.5153443113772456 0.022 0.035928143712574856
3 0.30425 0.4015718562874252 0.022 0.035928143712574856
3 0.63925 0.40531437125748504 0.07 0.09431137724550899
3 0.64775 0.24588323353293415 0.053 0.16766467065868265
3 0.5357500000000001 0.49288922155688625 0.045 0.04191616766467066
3 0.53325 0.5497754491017964 0.046 0.0658682634730539
3 0.51575 0.6171407185628743 0.029 0.03293413173652695
3 0.62425 0.5580089820359282 0.07 0.13922155688622756
3 0.6707500000000001 0.5101047904191617 0.039 0.04341317365269461
3 0.69875 0.4599550898203593 0.025 0.038922155688622756
3 0.74125 0.42477544910179643 0.032 0.05239520958083833
3 0.7282500000000001 0.5475299401197605 0.054 0.1032934131736527
3 0.77425 0.5497754491017964 0.04 0.10179640718562875
3 0.77475 0.6575598802395209 0.027 0.04790419161676647
3 0.80825 0.6627994011976048 0.018000000000000002 0.05239520958083833
3 0.83825 0.6193862275449102 0.038 0.05239520958083833
3 0.81275 0.5205838323353293 0.019 0.02245508982035928
3 0.82125 0.5565119760479043 0.036000000000000004 0.037425149700598806
3 0.87325 0.5602544910179641 0.04 0.062874251497006
