0 0.18275 0.39520958083832336 0.035500000000000004 0.05613772455089821
0 0.22125 0.2698353293413174 0.0375 0.038922155688622756
0 0.354 0.187874251497006 0.074 0.09955089820359282
0 0.3155 0.26627994011976047 0.0375 0.06324850299401198
0 0.41025 0.2670284431137725 0.0365 0.050523952095808386
0 0.465875 0.17926646706586827 0.08075 0.13398203592814373
0 0.542375 0.1942365269461078 0.04725 0.07485029940119761
0 0.68275 0.23746257485029942 0.122 0.12687125748502995
0 0.715 0.313061377245509 0.0325 0.03630239520958084
0 0.8025 0.41467065868263475 0.073 0.09505988023952096
0 0.719875 0.47698353293413176 0.03275 0.04752994011976048
0 0.838125 0.5168413173652695 0.03275 0.040419161676646706
0 0.7817500000000001 0.7758233532934132 0.0625 0.07185628742514971
0 0.476125 0.688061377245509 0.043250000000000004 0.06324850299401198
0 0.20350000000000001 0.8175523952095809 0.0405 0.02881736526946108
