3 0.6225 0.5538922155688623 0.025 0.029191616766467067
3 0.51575 0.20172155688622756 0.083 0.14520958083832336
3 0.54225 0.29229041916167664 0.03 0.03293413173652695
3 0.74175 0.37013473053892215 0.023 0.02694610778443114
3 0.79225 0.4195359281437126 0.082 0.0688622754491018
3 0.39425 0.5744760479041916 0.074 0.05239520958083833
3 0.28725 0.7294161676646707 0.054 0.062874251497006
3 0.29025 0.6455838323353293 0.034 0.059880239520958084
3 0.24325 0.6440868263473054 0.038 0.056886227544910184
3 0.15875 0.5639970059880239 0.047 0.06137724550898204
3 0.27325 0.5565119760479043 0.04 0.06137724550898204
3 0.31375000000000003 0.5190868263473054 0.041 0.06736526946107785
3 0.34475 0.4913922155688623 0.023 0.03293413173652695
3 0.09475 0.1156437125748503 0.033 0.035928143712574856
3 0.21425 0.13959580838323354 0.022 0.03293413173652695
