1 0.48562500000000003 0.4719311377245509 0.37025 0.37425149700598803
1 0.834875 0.12088323353293413 0.17225000000000001 0.24176646706586827
1 0.38875 0.9064371257485031 0.7715 0.18637724550898205
0 0.48225 0.10722305389221558 0.0155 0.03630239520958084
1 0.96 0.19330089820359284 0.0795 0.16953592814371257
1 0.49125 0.15381736526946108 0.298 0.30538922155688625
1 0.34225 0.21070359281437126 0.136 0.16167664670658682
1 0.61025 0.37387724550898205 0.11 0.14670658682634732
1 0.69075 0.3671407185628743 0.113 0.22005988023952097
1 0.52775 0.623877245508982 0.081 0.08383233532934133
