0 0.13275 0.3978293413173653 0.022 0.038922155688622756
0 0.848625 0.43413173652694614 0.01175 0.018712574850299403
0 0.479875 0.626122754491018 0.02025 0.037425149700598806
0 0.7937500000000001 0.655501497005988 0.023 0.027320359281437126
0 0.87275 0.6002994011976048 0.023 0.020209580838323353
0 0.654875 0.7687125748502994 0.01425 0.02320359281437126
0 0.562 0.8254116766467067 0.0115 0.024326347305389222
0 0.418375 0.8248502994011977 0.010750000000000001 0.02320359281437126
0 0.6625 0.6002994011976048 0.0105 0.020209580838323353
0 0.325 0.8390718562874252 0.0125 0.014221556886227546
0 0.206375 0.018712574850299403 0.02125 0.020209580838323353
0 0.279 0.10946856287425151 0.0125 0.02881736526946108
0 0.7030000000000001 0.6448353293413174 0.0085 0.014221556886227546
