3 0.13225 0.6852544910179641 0.108 0.1032934131736527
3 0.46525 0.563248502994012 0.032 0.05389221556886228
3 0.62725 0.44049401197604793 0.068 0.07784431137724551
3 0.6687500000000001 0.6044161676646707 0.057 0.055389221556886234
3 0.49775 0.2653443113772455 0.049 0.09880239520958084
3 0.38725 0.3282185628742515 0.054 0.08083832335329341
3 0.33525 0.6223802395209581 0.026000000000000002 0.04940119760479042
3 0.58325 0.28555389221556887 0.046 0.07035928143712575
3 0.54025 0.36788922155688625 0.064 0.07634730538922156
3 0.48575 0.469685628742515 0.035 0.04640718562874252
3 0.65825 0.2848053892215569 0.088 0.11976047904191617
3 0.74575 0.37986526946107785 0.053 0.058383233532934134
3 0.67325 0.43226047904191617 0.022 0.028443113772455092
3 0.77325 0.24812874251497008 0.04 0.04341317365269461
3 0.25125000000000003 0.4951347305389222 0.042 0.040419161676646706
