3 0.40725 0.6139595808383234 0.0445 0.04229041916167665
3 0.664875 0.27638473053892215 0.04675 0.06324850299401198
3 0.267625 0.15363023952095808 0.01525 0.049026946107784436
3 0.448 0.3635853293413174 0.039 0.03255988023952096
3 0.349625 0.8841691616766467 0.02275 0.022829341317365272
3 0.908875 0.6214446107784432 0.03475 0.05351796407185629
3 0.801875 0.8924026946107785 0.06425 0.07148203592814371
3 0.698625 0.9468562874251497 0.03375 0.040419161676646706
3 0.28725 0.4824101796407186 0.032 0.04790419161676647
3 0.30775 0.5370508982035929 0.053 0.07634730538922156
3 0.63375 0.7264221556886228 0.019 0.023952095808383235
