3 0.20375000000000001 0.5490269461077845 0.039 0.0344311377245509
3 0.44225000000000003 0.3948353293413174 0.064 0.06437125748502995
3 0.50275 0.3978293413173653 0.035 0.06437125748502995
3 0.37675000000000003 0.37761976047904194 0.031 0.07185628742514971
3 0.34125 0.3551646706586827 0.02 0.02694610778443114
3 0.31275000000000003 0.4255239520958084 0.023 0.059880239520958084
3 0.25825 0.4225299401197605 0.054 0.05389221556886228
3 0.24275 0.470434131736527 0.025 0.03293413173652695
3 0.13325 0.4958832335329342 0.042 0.0658682634730539
3 0.16625 0.6321107784431138 0.032 0.035928143712574856
3 0.55825 0.5894461077844312 0.036000000000000004 0.07634730538922156
3 0.63375 0.6725299401197605 0.039 0.059880239520958084
3 0.90725 0.5123502994011976 0.038 0.09580838323353294
3 0.83775 0.5879491017964072 0.065 0.09131736526946109
3 0.7817500000000001 0.47717065868263475 0.031 0.06137724550898204
3 0.6697500000000001 0.23764970059880242 0.049 0.06736526946107785
3 0.63625 0.34019461077844315 0.044 0.0658682634730539
3 0.55425 0.38136227544910184 0.052000000000000005 0.09131736526946109
3 0.61375 0.4622005988023952 0.033 0.031437125748503
3 0.5972500000000001 0.5198353293413174 0.038 0.062874251497006
3 0.42175 0.594685628742515 0.029 0.035928143712574856
3 0.46425 0.6231287425149701 0.036000000000000004 0.04491017964071856
3 0.33875 0.6059131736526946 0.025 0.04341317365269461
3 0.17275000000000001 0.27657185628742514 0.043000000000000003 0.07335329341317366
3 0.29125 0.2945359281437126 0.028 0.06137724550898204
3 0.35275 0.29977544910179643 0.029 0.04491017964071856
3 0.46375 0.282559880239521 0.08700000000000001 0.14820359281437126
3 0.5337500000000001 0.23839820359281438 0.017 0.023952095808383235
3 0.37775000000000003 0.23241017964071858 0.027 0.062874251497006
1 0.09475 0.6478293413173654 0.093 0.11826347305389222
3 0.83475 0.3589071856287425 0.029 0.037425149700598806
