3 0.014750000000000001 0.17627245508982037 0.029500000000000002 0.31886227544910184
3 0.17625 0.4603293413173653 0.024 0.03068862275449102
3 0.1225 0.6856287425149701 0.0185 0.045658682634730545
3 0.42462500000000003 0.46762724550898205 0.02725 0.045284431137724554
3 0.41925 0.5611901197604791 0.027 0.031062874251497008
3 0.61425 0.4236526946107785 0.043500000000000004 0.045658682634730545
3 0.48225 0.3650823353293413 0.0185 0.022829341317365272
3 0.25175000000000003 0.3723802395209581 0.0185 0.03068862275449102
3 0.39975 0.07148203592814371 0.025 0.06437125748502995
3 0.44175000000000003 0.05426646706586827 0.039 0.038922155688622756
3 0.45125 0.10516467065868264 0.016 0.035928143712574856
3 0.33075 0.1440868263473054 0.029 0.04790419161676647
3 0.20125 0.15456586826347307 0.088 0.3083832335329342
3 0.25925 0.2571107784431138 0.02 0.028443113772455092
3 0.28625 0.1029191616766467 0.064 0.14820359281437126
