3 0.720125 0.9743637724550899 0.03975 0.050523952095808386
3 0.7937500000000001 0.9476047904191617 0.0565 0.10404191616766467
3 0.14225000000000002 0.3626497005988024 0.024 0.04191616766467066
3 0.18975 0.374625748502994 0.031 0.04790419161676647
3 0.5427500000000001 0.24513473053892218 0.073 0.09431137724550899
3 0.5972500000000001 0.44573353293413176 0.046 0.04640718562874252
3 0.6597500000000001 0.4352544910179641 0.035 0.06137724550898204
3 0.76925 0.44049401197604793 0.048 0.05389221556886228
3 0.32575 0.2660928143712575 0.053 0.07934131736526946
3 0.41375 0.24363772455089822 0.027 0.06437125748502995
3 0.44375000000000003 0.34842814371257486 0.029 0.06437125748502995
3 0.48875 0.35815868263473055 0.033 0.05089820359281438
3 0.35325 0.4015718562874252 0.066 0.04191616766467066
3 0.19975 0.43600299401197606 0.033 0.04491017964071856
3 0.24125 0.5872005988023953 0.024 0.059880239520958084
3 0.36175 0.5602544910179641 0.037 0.08083832335329341
3 0.43925000000000003 0.48914670658682635 0.084 0.08532934131736528
3 0.41175 0.5550149700598803 0.023 0.06736526946107785
3 0.44175000000000003 0.6066616766467067 0.033 0.04790419161676647
3 0.47825 0.6089071856287426 0.03 0.07335329341317366
3 0.54925 0.5722305389221557 0.126 0.1287425149700599
3 0.52625 0.656811377245509 0.038 0.08832335329341318
3 0.64675 0.5452844311377246 0.073 0.059880239520958084
3 0.66225 0.6717814371257486 0.034 0.08832335329341318
