3 0.305125 0.2163173652694611 0.051250000000000004 0.11227544910179642
3 0.3915 0.17964071856287425 0.048 0.06511976047904192
3 0.61875 0.37331586826347307 0.0325 0.052020958083832336
3 0.710125 0.4945733532934132 0.03275 0.0407934131736527
3 0.724625 0.5735404191616766 0.02925 0.03255988023952096
1 0.90225 0.5984281437125749 0.114 0.13323353293413173
3 0.50975 0.39857784431137727 0.027 0.11676646706586827
3 0.66425 0.23390718562874252 0.03 0.0658682634730539
3 0.65375 0.30576347305389223 0.027 0.04191616766467066
3 0.57425 0.43076347305389223 0.062 0.055389221556886234
