3 0.355625 0.5742889221556886 0.04125 0.050523952095808386
3 0.6062500000000001 0.6205089820359282 0.0445 0.06811377245508983
3 0.474125 0.4839071856287425 0.021750000000000002 0.026197604790419163
3 0.42575 0.503368263473054 0.025 0.026197604790419163
3 0.3405 0.31886227544910184 0.0935 0.35628742514970063
3 0.86925 0.3196107784431138 0.0555 0.055389221556886234
3 0.18825 0.7092065868263473 0.05 0.06661676646706587
3 0.241625 0.7881736526946108 0.021750000000000002 0.038922155688622756
3 0.9545 0.5196482035928144 0.026000000000000002 0.052020958083832336
3 0.96875 0.43993263473053895 0.0195 0.025823353293413176
