3 0.31125 0.4913922155688623 0.034 0.07185628742514971
3 0.32925 0.4038173652694611 0.04 0.06137724550898204
3 0.42875 0.407559880239521 0.031 0.05089820359281438
3 0.25075000000000003 0.3596556886227545 0.031 0.035928143712574856
3 0.70825 0.29977544910179643 0.04 0.09580838323353294
3 0.39475 0.6860029940119761 0.035 0.07784431137724551
3 0.32325 0.7728293413173654 0.02 0.038922155688622756
3 0.40475 0.8267215568862276 0.035 0.038922155688622756
3 0.59775 0.6747754491017964 0.033 0.05239520958083833
3 0.46725 0.5625 0.098 0.06437125748502995
3 0.17375000000000002 0.42477544910179643 0.027 0.037425149700598806
3 0.59875 0.563248502994012 0.161 0.10179640718562875
3 0.71425 0.5580089820359282 0.066 0.1691616766467066
3 0.78725 0.6148952095808383 0.112 0.22604790419161677
3 0.77675 0.8087574850299402 0.019 0.04191616766467066
1 0.69425 0.7780688622754491 0.112 0.20808383233532934
1 0.24375 0.8244760479041917 0.037 0.05239520958083833
