0 0.51975 0.2687125748502994 0.0575 0.08682634730538923
0 0.567375 0.43787425149700604 0.05725 0.08682634730538923
0 0.566875 0.437125748502994 0.05725 0.08682634730538923
0 0.52225 0.5772829341317366 0.044 0.03480538922155689
0 0.574125 0.24438622754491018 0.04675 0.09805389221556887
0 0.65 0.33102544910179643 0.0345 0.043787425149700604
0 0.730375 0.47773203592814373 0.06125 0.12462574850299402
0 0.633125 0.27601047904191617 0.02675 0.03480538922155689
0 0.68125 0.36133982035928147 0.022 0.02657185628742515
0 0.585 0.565119760479042 0.043500000000000004 0.04640718562874252
0 0.367 0.406437125748503 0.0195 0.02694610778443114
