0 0.592125 0.42795658682634735 0.05025 0.06549401197604791
0 0.787125 0.9141092814371258 0.01925 0.025823353293413176
0 0.6551250000000001 0.3998877245508982 0.01325 0.01908682634730539
0 0.43 0.5404191616766467 0.0165 0.023952095808383235
0 0.50225 0.5449101796407186 0.0105 0.014970059880239521
0 0.532 0.6931137724550899 0.0105 0.014970059880239521
0 0.51375 0.18974550898203593 0.0305 0.026197604790419163
0 0.40375 0.6822604790419162 0.0115 0.033682634730538924
0 0.7010000000000001 0.655688622754491 0.025500000000000002 0.035928143712574856
0 0.48975 0.34300149700598803 0.0245 0.04004491017964072
0 0.578875 0.22717065868263475 0.01875 0.029191616766467067
0 0.657125 0.2292290419161677 0.01575 0.02657185628742515
0 0.424875 0.31324850299401197 0.02275 0.029191616766467067
0 0.46925 0.2470059880239521 0.0175 0.029940119760479042
0 0.479625 0.20901946107784433 0.014750000000000001 0.022080838323353294
0 0.443375 0.17140718562874252 0.010750000000000001 0.014221556886227546
0 0.404 0.24045658682634732 0.0085 0.01534431137724551
0 0.428375 0.13809880239520958 0.017750000000000002 0.026197604790419163
0 0.4025 0.3216691616766467 0.0135 0.01908682634730539
0 0.3905 0.23633982035928144 0.0085 0.01534431137724551
0 0.40025 0.25804640718562877 0.0085 0.01534431137724551
0 0.44975 0.3568488023952096 0.0085 0.01534431137724551
0 0.6395000000000001 0.05651197604790419 0.0165 0.023952095808383235
0 0.55275 0.0469685628742515 0.016 0.013847305389221558
0 0.323 0.5988023952095809 0.0285 0.03967065868263473
0 0.339125 0.39296407185628746 0.01325 0.02544910179640719
0 0.32925 0.344685628742515 0.0135 0.037425149700598806
0 0.31 0.2722679640718563 0.0125 0.023577844311377247
0 0.21825 0.7279191616766467 0.0285 0.03967065868263473
0 0.241 0.7932260479041917 0.0265 0.031062874251497008
0 0.22312500000000002 0.5363023952095809 0.01375 0.02095808383233533
0 0.80525 0.7155688622754491 0.007 0.01721556886227545
0 0.8625 0.5357410179640719 0.009000000000000001 0.020583832335329344
0 0.864 0.40475299401197606 0.018000000000000002 0.04603293413173653
0 0.708 0.022080838323353294 0.061 0.04416167664670659
0 0.4305 0.44985029940119764 0.0135 0.02095808383233533
