3 0.654625 0.6212574850299402 0.04125 0.056886227544910184
3 0.6002500000000001 0.4814745508982036 0.052000000000000005 0.06324850299401198
3 0.58875 0.2788173652694611 0.0185 0.055389221556886234
3 0.55125 0.37406437125748504 0.026000000000000002 0.031062874251497008
3 0.865 0.4878368263473054 0.0315 0.031062874251497008
3 0.5866250000000001 0.7913547904191617 0.12725 0.058757485029940125
3 0.63175 0.7077095808383234 0.0285 0.037425149700598806
3 0.489375 0.33345808383233533 0.058750000000000004 0.08308383233532934
3 0.70275 0.3828592814371258 0.039 0.058383233532934134
3 0.73975 0.43974550898203596 0.035 0.06437125748502995
3 0.78025 0.39109281437125754 0.046 0.056886227544910184
3 0.7352500000000001 0.6388473053892216 0.032 0.02544910179640719
3 0.74275 0.5804640718562875 0.025 0.055389221556886234
3 0.77425 0.846931137724551 0.046 0.06736526946107785
3 0.74075 0.7578592814371258 0.019 0.029940119760479042
3 0.77825 0.7563622754491018 0.026000000000000002 0.023952095808383235
3 0.82275 0.7421407185628743 0.185 0.11526946107784432
3 0.38025000000000003 0.28779940119760483 0.016 0.04191616766467066
