3 0.7671250000000001 0.5383607784431138 0.035750000000000004 0.050523952095808386
3 0.724625 0.6051646706586826 0.02275 0.027694610778443117
3 0.6535 0.6540044910179641 0.0305 0.043787425149700604
3 0.65625 0.44404940119760483 0.025 0.034056886227544915
3 0.5715 0.407372754491018 0.0185 0.03929640718562875
3 0.5660000000000001 0.2885479041916168 0.012 0.029191616766467067
3 0.48175 0.32447604790419166 0.0305 0.06811377245508983
3 0.411125 0.2788173652694611 0.021750000000000002 0.06511976047904192
1 0.43025 0.5722305389221557 0.096 0.18562874251497008
3 0.53325 0.6201347305389222 0.028 0.05089820359281438
3 0.5417500000000001 0.6762724550898204 0.025 0.031437125748503
3 0.55175 0.7421407185628743 0.027 0.0344311377245509
1 0.53025 0.4779191616766467 0.098 0.18862275449101798
1 0.6012500000000001 0.6433383233532934 0.07 0.18413173652694612
1 0.71775 0.7586077844311377 0.14300000000000002 0.19910179640718564
0 0.82175 0.6388473053892216 0.019 0.0344311377245509
1 0.87075 0.5482784431137725 0.067 0.09880239520958084
