0 0.430375 0.14165419161676648 0.04425 0.08196107784431138
0 0.5265 0.1727170658682635 0.021 0.05501497005988024
0 0.3745 0.26122754491017963 0.0365 0.05613772455089821
0 0.4265 0.31530688622754494 0.0365 0.06923652694610778
0 0.368375 0.3705089820359282 0.02775 0.038922155688622756
0 0.439 0.438997005988024 0.027 0.05164670658682635
0 0.39825 0.5014970059880239 0.024 0.035928143712574856
0 0.325 0.5065494011976048 0.0395 0.06624251497005988
0 0.26875 0.4784805389221557 0.0135 0.024326347305389222
0 0.201 0.36414670658682635 0.0415 0.05164670658682635
0 0.14775 0.39651946107784436 0.0385 0.04453592814371258
0 0.026000000000000002 0.4973802395209581 0.028 0.05913173652694611
2 0.8285 0.39876497005988026 0.0155 0.025823353293413176
2 0.8665 0.6779565868263473 0.0145 0.019835329341317365
