3 0.07037500000000001 0.376309880239521 0.04675 0.04229041916167665
3 0.62725 0.5909431137724551 0.028 0.0344311377245509
3 0.18125 0.7556137724550899 0.244 0.22005988023952097
3 0.39725 0.6096556886227545 0.044 0.0658682634730539
3 0.53625 0.656062874251497 0.02 0.0688622754491018
3 0.6697500000000001 0.5819610778443114 0.017 0.0344311377245509
3 0.27525 0.48690119760479045 0.324 0.08982035928143713
3 0.15925 0.41654191616766467 0.028 0.059880239520958084
3 0.22475 0.40232035928143717 0.021 0.055389221556886234
3 0.22375 0.27806886227544914 0.053 0.055389221556886234
3 0.31625000000000003 0.4195359281437126 0.03 0.056886227544910184
3 0.52075 0.503368263473054 0.115 0.11377245508982037
3 0.60375 0.47717065868263475 0.027 0.040419161676646706
3 0.40025 0.31549401197604793 0.036000000000000004 0.06137724550898204
3 0.21225 0.9247754491017964 0.04 0.1092814371257485
3 0.25675 0.9360029940119761 0.029 0.125748502994012
3 0.75275 0.8641467065868264 0.029 0.0658682634730539
3 0.71175 0.8379491017964072 0.027 0.04940119760479042
3 0.80225 0.656062874251497 0.03 0.04491017964071856
3 0.83825 0.7556137724550899 0.05 0.06137724550898204
3 0.77875 0.7458832335329342 0.035 0.05089820359281438
