3 0.14075000000000001 0.27956586826347307 0.107 0.22305389221556887
3 0.21375 0.6627994011976048 0.045 0.06137724550898204
3 0.32875 0.6006736526946108 0.039 0.16467065868263475
3 0.29025 0.6493263473053893 0.026000000000000002 0.037425149700598806
3 0.38075000000000003 0.626122754491018 0.037 0.11976047904191617
3 0.42375 0.5879491017964072 0.047 0.1032934131736527
3 0.47825 0.6657934131736527 0.046 0.058383233532934134
3 0.36975 0.75187125748503 0.057 0.04790419161676647
3 0.51525 0.499625748502994 0.038 0.09131736526946109
3 0.5347500000000001 0.7339071856287426 0.035 0.03293413173652695
3 0.54625 0.6059131736526946 0.022 0.04940119760479042
3 0.57875 0.5093562874251497 0.047 0.09281437125748504
3 0.56775 0.41429640718562877 0.027 0.04341317365269461
3 0.31375000000000003 0.46744011976047906 0.035 0.07784431137724551
3 0.51125 0.3027694610778443 0.05 0.11077844311377247
3 0.61625 0.41055389221556887 0.032 0.038922155688622756
3 0.62425 0.47717065868263475 0.036000000000000004 0.055389221556886234
3 0.70275 0.39258982035928147 0.105 0.18562874251497008
3 0.73975 0.26160179640718567 0.057 0.08832335329341318
3 0.62225 0.30576347305389223 0.082 0.10479041916167665
3 0.44925 0.31549401197604793 0.04 0.06137724550898204
