3 0.151375 0.24157934131736528 0.02825 0.052020958083832336
3 0.237125 0.3179266467065868 0.05225 0.06848802395209581
3 0.273625 0.44573353293413176 0.04475 0.056886227544910184
3 0.5796250000000001 0.39502245508982037 0.05425 0.07971556886227546
3 0.346375 0.4644461077844312 0.03375 0.038922155688622756
3 0.297 0.566055389221557 0.0325 0.09618263473053892
3 0.355625 0.5872005988023953 0.04125 0.07634730538922156
3 0.392125 0.7359655688622755 0.04225 0.07148203592814371
3 0.30625 0.18974550898203593 0.036000000000000004 0.055389221556886234
3 0.35125 0.23465568862275452 0.04 0.09131736526946109
1 0.62025 0.8027694610778444 0.046 0.23652694610778444
1 0.05225 0.4898952095808384 0.046 0.10479041916167665
