0 0.3675 0.6057260479041916 0.018000000000000002 0.02881736526946108
0 0.2785 0.20209580838323354 0.023 0.035928143712574856
0 0.238875 0.27619760479041916 0.01725 0.028443113772455092
0 0.250625 0.39277694610778446 0.02875 0.02881736526946108
0 0.49625 0.1375374251497006 0.0145 0.027320359281437126
0 0.5533750000000001 0.2129491017964072 0.03275 0.04341317365269461
0 0.556875 0.282747005988024 0.01825 0.030314371257485033
0 0.40075 0.5847679640718563 0.0265 0.058757485029940125
0 0.448125 0.47324101796407186 0.03275 0.0752245508982036
0 0.52625 0.5058008982035929 0.023 0.04004491017964072
0 0.511625 0.5480913173652695 0.02425 0.03480538922155689
0 0.54225 0.6480164670658684 0.0235 0.03854790419161677
0 0.45075 0.6465194610778443 0.0175 0.029565868263473054
0 0.4655 0.75374251497006 0.027 0.03817365269461078
0 0.335125 0.46107784431137727 0.02725 0.0658682634730539
0 0.403 0.4214071856287425 0.027 0.038922155688622756
0 0.384875 0.3607784431137725 0.02875 0.04640718562874252
0 0.36375 0.40512724550898205 0.025500000000000002 0.031062874251497008
0 0.34950000000000003 0.36976047904191617 0.0245 0.02694610778443114
0 0.339125 0.40512724550898205 0.02225 0.02133233532934132
0 0.442125 0.41860029940119764 0.01975 0.023577844311377247
0 0.372875 0.8364520958083833 0.029750000000000002 0.037425149700598806
