3 0.701875 0.5857035928143713 0.04475 0.037425149700598806
3 0.82175 0.6354790419161677 0.0395 0.029191616766467067
3 0.773625 0.691055389221557 0.04025 0.03181137724550898
3 0.7398750000000001 0.43076347305389223 0.02875 0.0531437125748503
3 0.72975 0.313997005988024 0.0265 0.035179640718562874
3 0.577125 0.44255239520958084 0.02275 0.04752994011976048
3 0.50475 0.3671407185628743 0.028 0.04191616766467066
3 0.387625 0.41841317365269465 0.02875 0.03068862275449102
3 0.34900000000000003 0.4414296407185629 0.012 0.03181137724550898
3 0.434625 0.3257859281437126 0.02725 0.05651197604790419
3 0.379375 0.26066616766467066 0.02725 0.028068862275449104
3 0.386875 0.3179266467065868 0.025750000000000002 0.027320359281437126
