3 0.427375 0.7123877245508983 0.021750000000000002 0.031062874251497008
3 0.82575 0.7361526946107785 0.029500000000000002 0.035928143712574856
3 0.849625 0.8125 0.035750000000000004 0.048652694610778445
3 0.03425 0.9614520958083833 0.05 0.04191616766467066
3 0.08775000000000001 0.94124251497006 0.051000000000000004 0.04341317365269461
3 0.03225 0.9105538922155689 0.048 0.04790419161676647
3 0.11900000000000001 0.9790419161676648 0.0575 0.04116766467065869
3 0.44375000000000003 0.4943862275449102 0.015 0.04191616766467066
3 0.41325 0.5228293413173652 0.02 0.029940119760479042
3 0.44425000000000003 0.5565119760479043 0.02 0.04341317365269461
0 0.52775 0.5153443113772456 0.029 0.03293413173652695
3 0.68325 0.43600299401197606 0.028 0.04790419161676647
3 0.72975 0.47492514970059885 0.021 0.05089820359281438
3 0.77175 0.5505239520958084 0.027 0.037425149700598806
3 0.75725 0.6186377245508983 0.02 0.02694610778443114
3 0.58325 0.3626497005988024 0.026000000000000002 0.035928143712574856
3 0.30725 0.4921407185628743 0.018000000000000002 0.02544910179640719
3 0.23325 0.6051646706586826 0.032 0.08083832335329341
3 0.29675 0.625374251497006 0.029 0.028443113772455092
3 0.33125 0.62687125748503 0.03 0.028443113772455092
3 0.42375 0.6418413173652695 0.021 0.02544910179640719
3 0.46625 0.6111526946107785 0.018000000000000002 0.02095808383233533
3 0.53425 0.5916916167664671 0.024 0.038922155688622756
3 0.57325 0.5535179640718563 0.032 0.05239520958083833
3 0.58525 0.4801646706586827 0.018000000000000002 0.04940119760479042
3 0.61625 0.5175898203592815 0.024 0.0344311377245509
3 0.63075 0.40830838323353297 0.027 0.06137724550898204
3 0.64975 0.5333083832335329 0.017 0.04191616766467066
3 0.66725 0.48465568862275454 0.02 0.031437125748503
3 0.71225 0.5422904191616766 0.028 0.03293413173652695
3 0.68425 0.5984281437125749 0.022 0.028443113772455092
3 0.72075 0.6059131736526946 0.021 0.028443113772455092
3 0.82175 0.5991766467065869 0.027 0.02694610778443114
3 0.8572500000000001 0.4629491017964072 0.038 0.059880239520958084
3 0.26225 0.4375 0.032 0.04491017964071856
3 0.22475 0.5265718562874252 0.035 0.08233532934131738
3 0.28025 0.5198353293413174 0.022 0.035928143712574856
3 0.28275 0.5677395209580839 0.025 0.035928143712574856
3 0.19925 0.5991766467065869 0.026000000000000002 0.08682634730538923
3 0.47325 0.30202095808383234 0.04 0.07634730538922156
3 0.54825 0.27657185628742514 0.032 0.04341317365269461
