3 0.38525 0.5475299401197605 0.09 0.11526946107784432
3 0.56825 0.5572604790419162 0.054 0.08083832335329341
0 0.65025 0.6066616766467067 0.032 0.03293413173652695
3 0.50125 0.6478293413173654 0.032 0.06137724550898204
3 0.47475 0.565494011976048 0.047 0.06137724550898204
3 0.39475 0.7017215568862276 0.079 0.10029940119760479
3 0.38275000000000003 0.6291167664670659 0.039 0.04491017964071856
3 0.23425 0.6343562874251497 0.066 0.09131736526946109
3 0.28225 0.6538173652694611 0.042 0.05239520958083833
3 0.30775 0.3633982035928144 0.039 0.07934131736526946
3 0.38325000000000004 0.37687125748503 0.018000000000000002 0.02544910179640719
3 0.25625 0.4472305389221557 0.036000000000000004 0.08233532934131738
3 0.20925 0.48315868263473055 0.046 0.08532934131736528
3 0.26475 0.5490269461077845 0.057 0.055389221556886234
