0 0.35975 0.49288922155688625 0.035500000000000004 0.0531437125748503
0 0.40925 0.46781437125748504 0.0365 0.05164670658682635
0 0.754375 0.4936377245508982 0.03075 0.0344311377245509
0 0.786125 0.3418787425149701 0.04625 0.08196107784431138
0 0.6717500000000001 0.23746257485029942 0.0405 0.04004491017964072
0 0.8645 0.2412050898203593 0.022 0.027320359281437126
0 0.7741250000000001 0.14165419161676648 0.01825 0.013098802395209582
0 0.2765 0.936377245508982 0.023 0.04191616766467066
0 0.02125 0.6547529940119761 0.0415 0.04603293413173653
0 0.0755 0.967814371257485 0.023 0.05613772455089821
