3 0.346875 0.2284805389221557 0.07825 0.13360778443113774
3 0.407375 0.3218562874251497 0.059750000000000004 0.07335329341317366
3 0.5475 0.5553892215568863 0.04 0.07485029940119761
3 0.604625 0.6032934131736527 0.05225 0.037425149700598806
3 0.477875 0.7595434131736527 0.02075 0.060254491017964075
3 0.658875 0.6815119760479043 0.02825 0.047155688622754495
3 0.729625 0.7166916167664671 0.03925 0.029191616766467067
3 0.75125 0.7874251497005988 0.0195 0.027694610778443117
3 0.23725000000000002 0.6575598802395209 0.194 0.17964071856287425
3 0.25525000000000003 0.7975299401197605 0.026000000000000002 0.040419161676646706
3 0.33575 0.7728293413173654 0.101 0.05389221556886228
3 0.37075 0.8297155688622755 0.037 0.05389221556886228
3 0.28375 0.8693862275449102 0.035 0.058383233532934134
3 0.31025 0.909805389221557 0.028 0.037425149700598806
3 0.34525 0.8858532934131738 0.03 0.0344311377245509
3 0.40825 0.8895958083832336 0.03 0.023952095808383235
