3 0.51025 0.5400449101796407 0.06 0.08532934131736528
3 0.75075 0.6807634730538923 0.061 0.07035928143712575
1 0.86175 0.718937125748503 0.107 0.10479041916167665
3 0.48525 0.3199850299401198 0.024 0.04640718562874252
3 0.37425 0.6291167664670659 0.032 0.04191616766467066
3 0.5992500000000001 0.6193862275449102 0.056 0.06736526946107785
3 0.47775 0.1627994011976048 0.019 0.02544910179640719
3 0.52425 0.22791916167664672 0.042 0.08383233532934133
3 0.56825 0.1845059880239521 0.038 0.07784431137724551
3 0.57225 0.29528443113772457 0.022 0.08083832335329341
3 0.5992500000000001 0.23615269461077845 0.022 0.0344311377245509
3 0.55625 0.38959580838323354 0.018000000000000002 0.029940119760479042
3 0.61775 0.3940868263473054 0.027 0.056886227544910184
3 0.67125 0.438248502994012 0.026000000000000002 0.02544910179640719
3 0.65375 0.28929640718562877 0.085 0.09580838323353294
3 0.68575 0.5056137724550899 0.051000000000000004 0.06736526946107785
3 0.76075 0.46744011976047906 0.047 0.059880239520958084
3 0.75675 0.565494011976048 0.041 0.055389221556886234
3 0.84675 0.596182634730539 0.025 0.04191616766467066
3 0.82475 0.5101047904191617 0.037 0.058383233532934134
