3 0.43125 0.7612275449101796 0.0685 0.09580838323353294
3 0.547 0.37406437125748504 0.1065 0.10890718562874252
3 0.474125 0.2382110778443114 0.06525 0.11714071856287425
3 0.5905 0.12425149700598803 0.1 0.12050898203592815
3 0.755125 0.2722679640718563 0.04875 0.08794910179640719
3 0.834375 0.2984655688622755 0.06625 0.10741017964071857
3 0.6225 0.7133233532934132 0.077 0.14296407185628743
3 0.352375 0.28125 0.03275 0.07672155688622755
3 0.58225 0.5398577844311377 0.0315 0.07971556886227546
3 0.5523750000000001 0.6841317365269461 0.05225 0.045658682634730545
3 0.59875 0.2533682634730539 0.043000000000000003 0.09281437125748504
3 0.75475 0.1747754491017964 0.075 0.09131736526946109
