0 0.418375 0.44386227544910184 0.035250000000000004 0.045658682634730545
0 0.507 0.26646706586826346 0.019 0.02544910179640719
0 0.599375 0.6006736526946108 0.035750000000000004 0.05089820359281438
0 0.446 0.36208832335329344 0.0345 0.03779940119760479
0 0.410375 0.3156811377245509 0.02425 0.04229041916167665
0 0.345125 0.7148203592814372 0.02425 0.032185628742514974
0 0.32425 0.49625748502994016 0.0315 0.04116766467065869
0 0.591875 0.6968562874251497 0.025750000000000002 0.03967065868263473
0 0.395125 0.6652320359281437 0.017750000000000002 0.023577844311377247
0 0.546875 0.39577095808383234 0.017750000000000002 0.023577844311377247
0 0.43525 0.2672155688622755 0.0115 0.0157185628742515
0 0.496125 0.19236526946107785 0.02075 0.01122754491017964
0 0.498875 0.22080838323353294 0.02075 0.01122754491017964
0 0.591375 0.6961077844311377 0.025750000000000002 0.03967065868263473
0 0.71725 0.7226796407185629 0.0185 0.03817365269461078
0 0.67325 0.7885479041916168 0.0755 0.04416167664670659
0 0.777625 0.6019835329341318 0.02025 0.029565868263473054
0 0.80875 0.8385104790419162 0.025500000000000002 0.03630239520958084
0 0.729375 0.48465568862275454 0.025750000000000002 0.027694610778443117
0 0.804 0.7634730538922156 0.0235 0.02320359281437126
0 0.9445 0.6450224550898204 0.043500000000000004 0.05426646706586827
0 0.970875 0.4910179640718563 0.04275 0.035179640718562874
