3 0.748 0.6075973053892216 0.039 0.052020958083832336
3 0.7285 0.4489146706586827 0.026000000000000002 0.050523952095808386
3 0.723625 0.3040793413173653 0.04475 0.0407934131736527
3 0.639375 0.2537425149700599 0.03475 0.056886227544910184
3 0.240375 0.21781437125748504 0.06525 0.040419161676646706
3 0.80625 0.37163173652694614 0.04 0.09281437125748504
3 0.85375 0.35815868263473055 0.049 0.08682634730538923
3 0.9187500000000001 0.3491766467065868 0.07100000000000001 0.1317365269461078
3 0.49525 0.1725299401197605 0.056 0.08682634730538923
3 0.56625 0.14782934131736528 0.022 0.031437125748503
3 0.6042500000000001 0.17327844311377247 0.034 0.07035928143712575
3 0.66025 0.19273952095808383 0.032 0.0344311377245509
3 0.32925 0.29154191616766467 0.022 0.031437125748503
3 0.84875 0.5415419161676647 0.067 0.1062874251497006
1 0.965 0.6019835329341318 0.0695 0.050523952095808386
