3 0.136125 0.565119760479042 0.03025 0.029191616766467067
3 0.22087500000000002 0.4936377245508982 0.02825 0.035928143712574856
3 0.28175 0.5424775449101796 0.052000000000000005 0.0782185628742515
3 0.21275 0.3903443113772455 0.101 0.125
3 0.345375 0.5855164670658684 0.03375 0.034056886227544915
3 0.31925000000000003 0.7116392215568863 0.014 0.025823353293413176
3 0.36325 0.657185628742515 0.0175 0.02470059880239521
3 0.536125 0.2129491017964072 0.02375 0.05389221556886228
3 0.36275 0.2578592814371258 0.049 0.07485029940119761
3 0.277375 0.4253368263473054 0.01975 0.029565868263473054
3 0.34325 0.3847305389221557 0.025 0.035928143712574856
3 0.41050000000000003 0.32672155688622756 0.051000000000000004 0.06661676646706587
3 0.4405 0.2559880239520958 0.026000000000000002 0.029191616766467067
3 0.378 0.4333832335329342 0.025 0.016467065868263474
3 0.448625 0.534431137724551 0.02925 0.038922155688622756
3 0.335625 0.531062874251497 0.02075 0.02245508982035928
3 0.40625 0.5230164670658682 0.0185 0.022829341317365272
3 0.4045 0.6302395209580839 0.024 0.029191616766467067
3 0.600125 0.5276946107784432 0.021750000000000002 0.019461077844311378
3 0.56275 0.3879116766467066 0.025 0.029565868263473054
3 0.7176250000000001 0.5089820359281437 0.021750000000000002 0.017964071856287428
3 0.628375 0.6961077844311377 0.021750000000000002 0.027694610778443117
3 0.638375 0.781624251497006 0.02825 0.058757485029940125
3 0.37575000000000003 0.7604790419161677 0.014 0.019461077844311378
3 0.439875 0.7726422155688624 0.02075 0.050523952095808386
3 0.45837500000000003 0.8190494011976048 0.01425 0.035553892215568865
3 0.841 0.5269461077844312 0.11 0.06362275449101797
3 0.76 0.4163547904191617 0.026000000000000002 0.060254491017964075
3 0.5535 0.3096931137724551 0.0175 0.022829341317365272
3 0.455625 0.6946107784431138 0.021750000000000002 0.02470059880239521
3 0.59975 0.5819610778443114 0.033 0.06437125748502995
