0 0.02275 0.6837574850299402 0.027 0.040419161676646706
0 0.007 0.32316616766467066 0.014 0.02133233532934132
0 0.399125 0.14109281437125748 0.02775 0.040419161676646706
0 0.279875 0.5290044910179641 0.02425 0.027320359281437126
0 0.240875 0.6534431137724551 0.04225 0.05464071856287425
0 0.3265 0.5391092814371258 0.023 0.030314371257485033
0 0.39675 0.6023577844311377 0.0155 0.03630239520958084
0 0.454 0.7398952095808383 0.024 0.040419161676646706
0 0.490875 0.8579715568862276 0.01725 0.025823353293413176
0 0.74575 0.3663922155688623 0.023 0.03293413173652695
0 0.791375 0.11882485029940121 0.03375 0.027320359281437126
