3 0.15837500000000002 0.43431886227544914 0.03375 0.06324850299401198
3 0.267 0.7165044910179641 0.051000000000000004 0.0782185628742515
3 0.5231250000000001 0.6953592814371258 0.05425 0.07784431137724551
3 0.5181250000000001 0.5604416167664671 0.04025 0.06848802395209581
3 0.773625 0.26253742514970063 0.05325 0.10067365269461079
3 0.87575 0.38379491017964074 0.0555 0.06699101796407186
3 0.5915 0.49850299401197606 0.039 0.048652694610778445
3 0.659375 0.502619760479042 0.06625 0.06362275449101797
3 0.611125 0.5954341317365269 0.02625 0.07634730538922156
3 0.69425 0.593001497005988 0.064 0.09767964071856287
3 0.63725 0.2846182634730539 0.0565 0.06998502994011976
3 0.34475 0.4139221556886228 0.039 0.029191616766467067
3 0.690125 0.06699101796407186 0.12325 0.13398203592814373
1 0.16875 0.5954341317365269 0.045 0.10029940119760479
0 0.5962500000000001 0.04752994011976048 0.018000000000000002 0.02544910179640719
