0 0.24 0.50374251497006 0.059500000000000004 0.1092814371257485
0 0.237125 0.5901946107784432 0.01925 0.0344311377245509
0 0.34575 0.6858158682634731 0.044 0.09094311377245509
0 0.655375 0.688809880239521 0.01925 0.03330838323353293
0 0.574625 0.595995508982036 0.01925 0.02881736526946108
0 0.620375 0.5699850299401198 0.03175 0.0344311377245509
0 0.7136250000000001 0.62687125748503 0.02025 0.035928143712574856
0 0.761625 0.7022829341317366 0.05475 0.08345808383233533
0 0.77125 0.42477544910179643 0.024 0.037425149700598806
0 0.7885 0.49663173652694614 0.0145 0.02320359281437126
