3 0.54425 0.4139221556886228 0.049 0.07485029940119761
3 0.45075 0.343937125748503 0.0165 0.02245508982035928
3 0.40950000000000003 0.3349550898203593 0.0205 0.02470059880239521
3 0.205125 0.40812125748503 0.07275 0.10591317365269462
3 0.597 0.44629491017964074 0.013000000000000001 0.022829341317365272
3 0.16575 0.23690119760479042 0.061 0.0658682634730539
3 0.15925 0.3282185628742515 0.058 0.05389221556886228
3 0.20725000000000002 0.30800898203592814 0.06 0.058383233532934134
3 0.26025 0.31324850299401197 0.032 0.0688622754491018
3 0.23675000000000002 0.5467814371257486 0.107 0.07784431137724551
3 0.25875 0.6478293413173654 0.023 0.055389221556886234
3 0.31475000000000003 0.6044161676646707 0.067 0.1032934131736527
3 0.37975000000000003 0.5872005988023953 0.043000000000000003 0.11676646706586827
3 0.43175 0.5512724550898204 0.029 0.03293413173652695
3 0.48675 0.5587574850299402 0.049 0.0688622754491018
