3 0.48275 0.5475299401197605 0.033 0.040419161676646706
3 0.44775000000000004 0.5767215568862276 0.025 0.04191616766467066
3 0.65725 0.44573353293413176 0.062 0.11227544910179642
3 0.72775 0.37163173652694614 0.041 0.062874251497006
3 0.75675 0.29229041916167664 0.051000000000000004 0.05389221556886228
3 0.81575 0.24962574850299402 0.075 0.06437125748502995
3 0.66325 0.3259730538922156 0.078 0.07934131736526946
3 0.56875 0.6059131736526946 0.033 0.05239520958083833
3 0.57225 0.3828592814371258 0.10400000000000001 0.14520958083832336
3 0.46775 0.4629491017964072 0.159 0.10778443113772455
