3 0.11812500000000001 0.5505239520958084 0.09675 0.14296407185628743
3 0.048125 0.3162425149700599 0.08475 0.09431137724550899
3 0.15787500000000002 0.6931137724550899 0.07625 0.1220059880239521
3 0.413875 0.7417664670658684 0.04025 0.0344311377245509
3 0.3715 0.19910179640718564 0.062 0.045658682634730545
3 0.767625 0.26422155688622756 0.04775 0.10404191616766467
3 0.908875 0.5767215568862276 0.04575 0.045658682634730545
3 0.686625 0.7344685628742516 0.04225 0.025823353293413176
3 0.522 0.4229041916167665 0.0305 0.056886227544910184
3 0.25625 0.5056137724550899 0.084 0.08233532934131738
3 0.27875 0.41279940119760483 0.113 0.11526946107784432
3 0.22825 0.7653443113772456 0.042 0.04491017964071856
3 0.29225 0.752619760479042 0.038 0.031437125748503
3 0.48975 0.499625748502994 0.023 0.04640718562874252
3 0.41075 0.3843562874251497 0.021 0.040419161676646706
3 0.44525000000000003 0.3551646706586827 0.012 0.035928143712574856
3 0.46175 0.39857784431137727 0.021 0.04191616766467066
3 0.46275 0.21145209580838326 0.023 0.029940119760479042
3 0.50075 0.19797904191616766 0.027 0.04191616766467066
3 0.52025 0.23016467065868265 0.018000000000000002 0.019461077844311378
3 0.58225 0.281062874251497 0.066 0.13622754491017966
3 0.5982500000000001 0.46744011976047906 0.03 0.029940119760479042
3 0.63675 0.24438622754491018 0.031 0.11077844311377247
3 0.56575 0.16504491017964074 0.043000000000000003 0.05389221556886228
3 0.6677500000000001 0.12387724550898205 0.027 0.040419161676646706
3 0.68325 0.22791916167664672 0.016 0.029940119760479042
3 0.66225 0.20621257485029942 0.016 0.0344311377245509
3 0.67575 0.2885479041916168 0.025 0.06137724550898204
3 0.71225 0.39558383233532934 0.02 0.05089820359281438
3 0.70425 0.4562125748502994 0.018000000000000002 0.02544910179640719
3 0.67775 0.5497754491017964 0.021 0.038922155688622756
3 0.80875 0.5370508982035929 0.033 0.058383233532934134
