3 0.378 0.5675523952095809 0.0555 0.06998502994011976
3 0.62425 0.5913173652694611 0.0565 0.07784431137724551
3 0.454625 0.2982784431137725 0.03275 0.026197604790419163
3 0.4035 0.4000748502994012 0.037 0.047155688622754495
3 0.5241250000000001 0.3023952095808383 0.03275 0.04416167664670659
3 0.582875 0.18693862275449102 0.03925 0.050523952095808386
3 0.6208750000000001 0.34805389221556887 0.01975 0.047155688622754495
3 0.5225 0.4945733532934132 0.0815 0.08944610778443114
3 0.427375 0.035553892215568865 0.02375 0.027694610778443117
3 0.352375 0.0656811377245509 0.03475 0.035553892215568865
3 0.177875 0.2870508982035928 0.02725 0.07485029940119761
3 0.67375 0.6979790419161677 0.059000000000000004 0.10479041916167665
3 0.7282500000000001 0.6815119760479043 0.03 0.038922155688622756
3 0.7262500000000001 0.7683383233532934 0.024 0.02694610778443114
3 0.77275 0.7758233532934132 0.049 0.09281437125748504
3 0.7947500000000001 0.56624251497006 0.021 0.038922155688622756
3 0.79425 0.6336077844311377 0.022 0.023952095808383235
3 0.7877500000000001 0.69124251497006 0.075 0.06137724550898204
1 0.85975 0.8027694610778444 0.07100000000000001 0.07185628742514971
3 0.29075 0.07971556886227546 0.025 0.04191616766467066
