3 0.58825 0.5748502994011977 0.037 0.06511976047904192
3 0.7095 0.5505239520958084 0.0205 0.026197604790419163
3 0.5856250000000001 0.719124251497006 0.02075 0.024326347305389222
3 0.757875 0.44648203592814373 0.021750000000000002 0.026197604790419163
3 0.216 0.30333083832335334 0.04 0.04229041916167665
3 0.5165 0.8020209580838323 0.024 0.037425149700598806
3 0.44875 0.3843562874251497 0.039 0.07035928143712575
3 0.51275 0.3379491017964072 0.067 0.08233532934131738
3 0.67575 0.4973802395209581 0.029 0.04790419161676647
3 0.67575 0.5737275449101796 0.035 0.07784431137724551
1 0.74675 0.5535179640718563 0.033 0.06437125748502995
