3 0.75275 0.5797155688622755 0.081 0.08982035928143713
3 0.64775 0.7107035928143713 0.061 0.11826347305389222
3 0.73775 0.7324101796407186 0.095 0.1377245508982036
3 0.23525000000000001 0.45172155688622756 0.11 0.25299401197604793
3 0.33125 0.43076347305389223 0.068 0.08532934131736528
1 0.34275 0.5048652694610779 0.031 0.056886227544910184
3 0.42975 0.47717065868263475 0.035 0.04640718562874252
3 0.35375 0.6119011976047904 0.047 0.09431137724550899
3 0.5427500000000001 0.7735778443113773 0.073 0.07335329341317366
3 0.44375000000000003 0.6470808383233533 0.039 0.07485029940119761
3 0.42175 0.721182634730539 0.029 0.058383233532934134
3 0.48025 0.7675898203592815 0.034 0.05239520958083833
3 0.56825 0.4472305389221557 0.058 0.07634730538922156
3 0.6577500000000001 0.5909431137724551 0.019 0.028443113772455092
