0 0.318875 0.4476047904191617 0.03275 0.060628742514970066
0 0.428375 0.1914296407185629 0.06725 0.03181137724550898
0 0.42462500000000003 0.595808383233533 0.01925 0.0344311377245509
0 0.50925 0.6059131736526946 0.021 0.037425149700598806
0 0.572125 0.7541167664670659 0.029750000000000002 0.037425149700598806
0 0.58275 0.6326721556886228 0.026000000000000002 0.04154191616766467
0 0.6511250000000001 0.6354790419161677 0.02025 0.035928143712574856
0 0.638 0.7543038922155689 0.0135 0.022829341317365272
0 0.6890000000000001 0.5406062874251497 0.027 0.04453592814371258
0 0.55975 0.4885853293413174 0.022 0.04752994011976048
0 0.843875 0.5520209580838323 0.03475 0.021706586826347306
0 0.8592500000000001 0.5952470059880239 0.021 0.024326347305389222
0 0.8645 0.49869011976047906 0.02 0.02133233532934132
0 0.872125 0.44610778443113774 0.01825 0.01721556886227545
