3 0.043625000000000004 0.6472679640718563 0.08725000000000001 0.06998502994011976
3 0.4535 0.9767964071856288 0.126 0.035928143712574856
3 0.50875 0.8723802395209581 0.053 0.07335329341317366
3 0.44125000000000003 0.6755239520958084 0.03 0.059880239520958084
3 0.37275 0.6493263473053893 0.039 0.07634730538922156
3 0.25125000000000003 0.7593562874251497 0.028 0.038922155688622756
3 0.24125 0.4487275449101797 0.016 0.04640718562874252
3 0.30625 0.3633982035928144 0.026000000000000002 0.04640718562874252
3 0.25725 0.5101047904191617 0.026000000000000002 0.04341317365269461
3 0.22625 0.6627994011976048 0.022 0.07634730538922156
3 0.28225 0.8005239520958084 0.028 0.040419161676646706
3 0.31425000000000003 0.81624251497006 0.014 0.03293413173652695
3 0.34925 0.784805389221557 0.022 0.029940119760479042
3 0.35875 0.843937125748503 0.019 0.040419161676646706
3 0.33775 0.9285179640718564 0.099 0.1407185628742515
3 0.42875 0.8663922155688624 0.031 0.05239520958083833
3 0.55175 0.8993263473053893 0.033 0.04640718562874252
3 0.63575 0.811751497005988 0.043000000000000003 0.07784431137724551
3 0.58075 0.8648952095808384 0.033 0.04640718562874252
3 0.5992500000000001 0.8895958083832336 0.022 0.05389221556886228
3 0.42575 0.33869760479041916 0.039 0.059880239520958084
3 0.38675 0.35591317365269465 0.027 0.040419161676646706
3 0.33325 0.2870508982035928 0.02 0.02245508982035928
3 0.48175 0.3379491017964072 0.031 0.06137724550898204
3 0.52075 0.30800898203592814 0.063 0.09431137724550899
3 0.59375 0.26235029940119764 0.055 0.07784431137724551
3 0.68225 0.33645209580838326 0.058 0.08532934131736528
3 0.75775 0.531811377245509 0.049 0.09281437125748504
3 0.48225 0.4607035928143713 0.038 0.04341317365269461
3 0.53925 0.42103293413173654 0.078 0.0658682634730539
3 0.52675 0.5063622754491018 0.041 0.08682634730538923
3 0.56575 0.531062874251497 0.027 0.06137724550898204
3 0.58875 0.47492514970059885 0.025 0.04491017964071856
3 0.62875 0.5198353293413174 0.039 0.0688622754491018
3 0.62625 0.6306137724550899 0.04 0.059880239520958084
3 0.67825 0.5535179640718563 0.03 0.04341317365269461
3 0.6072500000000001 0.3514221556886228 0.022 0.02544910179640719
3 0.7232500000000001 0.6096556886227545 0.038 0.04491017964071856
3 0.68675 0.6605538922155689 0.049 0.04491017964071856
3 0.49875 0.5916916167664671 0.029 0.04491017964071856
3 0.53325 0.6852544910179641 0.018000000000000002 0.028443113772455092
3 0.57425 0.6807634730538923 0.064 0.11826347305389222
3 0.58325 0.596182634730539 0.022 0.035928143712574856
3 0.69075 0.8566616766467067 0.043000000000000003 0.07485029940119761
3 0.73875 0.8476796407185629 0.025 0.03293413173652695
3 0.66325 0.7226796407185629 0.014 0.02245508982035928
3 0.69975 0.7698353293413174 0.031 0.062874251497006
3 0.74225 0.75187125748503 0.058 0.09880239520958084
3 0.7927500000000001 0.7870508982035929 0.037 0.040419161676646706
3 0.75575 0.8177395209580839 0.027 0.03293413173652695
3 0.82075 0.7541167664670659 0.021 0.031437125748503
3 0.75075 0.6957335329341318 0.021 0.028443113772455092
