0 0.304 0.65999251497006 0.024 0.02133233532934132
0 0.42362500000000003 0.49008233532934137 0.03075 0.04154191616766467
0 0.48575 0.5800898203592815 0.024 0.0344311377245509
0 0.5285 0.6002994011976048 0.0135 0.02320359281437126
0 0.51975 0.7449476047904192 0.025 0.030314371257485033
0 0.44425000000000003 0.39502245508982037 0.0125 0.013098802395209582
0 0.588125 0.5153443113772456 0.02875 0.037425149700598806
0 0.639 0.39951347305389223 0.023 0.050523952095808386
0 0.6880000000000001 0.6390344311377246 0.025 0.03181137724550898
0 0.892375 0.877994011976048 0.02025 0.0344311377245509
