3 0.27575 0.15849550898203593 0.0315 0.07148203592814371
3 0.277375 0.3592814371257485 0.04125 0.11227544910179642
3 0.06925 0.5881362275449102 0.07050000000000001 0.052020958083832336
3 0.3115 0.9663173652694611 0.051500000000000004 0.06661676646706587
3 0.52475 0.33663922155688625 0.025 0.05351796407185629
3 0.490375 0.42458832335329344 0.02825 0.031062874251497008
3 0.605625 0.2535553892215569 0.04575 0.034056886227544915
3 0.55175 0.47492514970059885 0.025 0.02470059880239521
3 0.616625 0.4227170658682635 0.04125 0.07971556886227546
3 0.560625 0.3862275449101797 0.02275 0.02245508982035928
3 0.39575 0.36414670658682635 0.051000000000000004 0.05389221556886228
3 0.40825 0.2848053892215569 0.05 0.062874251497006
3 0.61325 0.5355538922155689 0.03 0.037425149700598806
3 0.55675 0.6380988023952097 0.049 0.0658682634730539
3 0.6062500000000001 0.75187125748503 0.052000000000000005 0.0688622754491018
3 0.69825 0.5625 0.14 0.11826347305389222
3 0.79425 0.5565119760479043 0.036000000000000004 0.06437125748502995
