0 0.524625 0.30220808383233533 0.01725 0.025823353293413176
0 0.04675 0.19217814371257486 0.023 0.030314371257485033
0 0.04475 0.626122754491018 0.0135 0.02320359281437126
0 0.016375 0.656998502994012 0.01825 0.024326347305389222
0 0.00825 0.8622754491017964 0.0095 0.014221556886227546
0 0.59 0.37350299401197606 0.0095 0.012724550898203594
0 0.663125 0.344685628742515 0.04225 0.035928143712574856
0 0.741 0.3534805389221557 0.0115 0.030314371257485033
0 0.797625 0.3259730538922156 0.01725 0.029940119760479042
0 0.7785 0.405875748502994 0.0155 0.025823353293413176
0 0.722125 0.47062125748503 0.00875 0.014595808383233533
0 0.74 0.5477170658682635 0.0115 0.016092814371257487
0 0.780875 0.6117140718562875 0.010750000000000001 0.017589820359281437
0 0.7977500000000001 0.5153443113772456 0.0115 0.01721556886227545
0 0.6025 0.6296781437125749 0.0095 0.02133233532934132
0 0.56925 0.6339820359281437 0.0145 0.021706586826347306
0 0.625125 0.7543038922155689 0.00875 0.022829341317365272
