3 0.358875 0.32428892215568866 0.03475 0.04229041916167665
3 0.307375 0.2659056886227545 0.02275 0.03255988023952096
3 0.324125 0.15194610778443116 0.00875 0.045658682634730545
3 0.43012500000000004 0.3284056886227545 0.035750000000000004 0.050523952095808386
3 0.3715 0.42440119760479045 0.0315 0.056886227544910184
3 0.41000000000000003 0.40101047904191617 0.024 0.022829341317365272
3 0.445875 0.46182634730538924 0.02825 0.06362275449101797
3 0.45575 0.5116017964071856 0.013000000000000001 0.019461077844311378
3 0.5975 0.9434880239520959 0.1205 0.10553892215568864
3 0.7518750000000001 0.9743637724550899 0.01425 0.0407934131736527
