3 0.19025 0.4195359281437126 0.09 0.11976047904191617
3 0.15825 0.5827095808383234 0.07 0.14670658682634732
3 0.24775 0.7129491017964072 0.147 0.11077844311377247
3 0.25825 0.6111526946107785 0.032 0.056886227544910184
3 0.32975 0.5550149700598803 0.021 0.04640718562874252
3 0.39925 0.5333083832335329 0.032 0.0658682634730539
3 0.39125 0.6178892215568863 0.04 0.09431137724550899
3 0.36625 0.6987275449101796 0.03 0.07035928143712575
3 0.69875 0.5415419161676647 0.043000000000000003 0.058383233532934134
3 0.58325 0.5355538922155689 0.042 0.058383233532934134
3 0.49275 0.24214071856287428 0.039 0.058383233532934134
3 0.60575 0.17103293413173654 0.041 0.056886227544910184
3 0.28375 0.30800898203592814 0.027 0.05239520958083833
3 0.24225 0.28630239520958084 0.016 0.023952095808383235
3 0.42625 0.23914670658682635 0.146 0.18113772455089822
