3 0.476875 0.470059880239521 0.61425 0.4311377245508982
3 0.5437500000000001 0.7954715568862276 0.074 0.050523952095808386
3 0.435625 0.7930389221556887 0.04675 0.06811377245508983
3 0.914875 0.9524700598802396 0.02925 0.07185628742514971
3 0.964875 0.9842814371257486 0.05525 0.02095808383233533
3 0.58875 0.156811377245509 0.019 0.04341317365269461
3 0.57675 0.10591317365269462 0.037 0.04341317365269461
3 0.61175 0.19872754491017966 0.035 0.04940119760479042
3 0.57675 0.23690119760479042 0.039 0.035928143712574856
3 0.52575 0.21444610778443116 0.049 0.08383233532934133
3 0.5317500000000001 0.11788922155688623 0.023 0.06437125748502995
