3 0.324625 0.6766467065868264 0.02925 0.056886227544910184
3 0.36225 0.5458458083832336 0.0325 0.03255988023952096
3 0.41050000000000003 0.5757859281437127 0.064 0.12537425149700598
3 0.346375 0.40662425149700604 0.02725 0.0407934131736527
3 0.38775 0.45209580838323354 0.0315 0.03068862275449102
3 0.612125 0.4635104790419162 0.03925 0.06324850299401198
3 0.5513750000000001 0.45939371257485034 0.03925 0.04229041916167665
3 0.60675 0.5514595808383234 0.0285 0.043787425149700604
3 0.64475 0.6117140718562875 0.024 0.043787425149700604
3 0.570875 0.6489520958083833 0.02625 0.047155688622754495
3 0.507875 0.7077095808383234 0.03475 0.037425149700598806
3 0.720875 0.7296032934131736 0.10675 0.3027694610778443
3 0.65025 0.9526571856287426 0.0415 0.052020958083832336
3 0.28375 0.5445359281437127 0.049 0.055389221556886234
3 0.22775 0.5879491017964072 0.039 0.05239520958083833
3 0.26875 0.6171407185628743 0.073 0.07185628742514971
