0 0.348625 0.7872380239520959 0.02325 0.04603293413173653
0 0.29762500000000003 0.8299026946107785 0.02875 0.030314371257485033
0 0.343375 0.6384730538922156 0.01625 0.038922155688622756
0 0.30112500000000003 0.49663173652694614 0.029750000000000002 0.02320359281437126
0 0.32225 0.533869760479042 0.0125 0.025823353293413176
0 0.5155 0.4174775449101797 0.0335 0.049026946107784436
0 0.479375 0.4468562874251497 0.01725 0.021706586826347306
0 0.581375 0.44330089820359286 0.05575 0.03480538922155689
0 0.574625 0.18712574850299402 0.02875 0.05164670658682635
0 0.73275 0.4137350299401198 0.0375 0.06474550898203593
0 0.755 0.7591691616766467 0.0375 0.061751497005988025
