3 0.359 0.374812874251497 0.0305 0.035553892215568865
3 0.418125 0.2885479041916168 0.02725 0.026197604790419163
3 0.15787500000000002 0.9687500000000001 0.02375 0.03255988023952096
3 0.26875 0.5529565868263473 0.0195 0.034056886227544915
0 0.08425 0.07616017964071857 0.05 0.06624251497005988
0 0.14525 0.6448353293413174 0.014 0.02245508982035928
3 0.64075 0.3821107784431138 0.033 0.03293413173652695
3 0.57125 0.5205838323353293 0.036000000000000004 0.031437125748503
3 0.55125 0.4292664670658683 0.02 0.028443113772455092
3 0.46675 0.5714820359281437 0.021 0.02245508982035928
3 0.49075 0.5737275449101796 0.015 0.023952095808383235
3 0.61325 0.5071107784431138 0.03 0.031437125748503
3 0.6577500000000001 0.5048652694610779 0.039 0.038922155688622756
3 0.67825 0.4255239520958084 0.02 0.02694610778443114
3 0.69725 0.38735029940119764 0.04 0.031437125748503
3 0.75775 0.376122754491018 0.035 0.035928143712574856
3 0.80075 0.26459580838323354 0.017 0.02245508982035928
3 0.70325 0.4898952095808384 0.036000000000000004 0.04191616766467066
3 0.74975 0.4659431137724551 0.033 0.05089820359281438
3 0.79425 0.44273952095808383 0.048 0.04341317365269461
