3 0.446375 0.44629491017964074 0.02725 0.03255988023952096
3 0.3855 0.9215943113772456 0.0315 0.045284431137724554
3 0.748625 0.5456586826347306 0.02275 0.029191616766467067
3 0.76925 0.4756736526946108 0.027 0.035928143712574856
3 0.50925 0.43076347305389223 0.038 0.040419161676646706
3 0.5347500000000001 0.4502245508982036 0.025 0.04341317365269461
3 0.55475 0.45172155688622756 0.023 0.028443113772455092
3 0.59325 0.37687125748503 0.03 0.04341317365269461
3 0.48425 0.28929640718562877 0.02 0.04491017964071856
3 0.51375 0.2788173652694611 0.031 0.05389221556886228
3 0.69125 0.3851047904191617 0.026000000000000002 0.035928143712574856
3 0.64075 0.4292664670658683 0.031 0.040419161676646706
3 0.58125 0.4936377245508982 0.026000000000000002 0.040419161676646706
3 0.61325 0.5258233532934132 0.022 0.03293413173652695
3 0.63175 0.5804640718562875 0.017 0.019461077844311378
3 0.5972500000000001 0.5550149700598803 0.024 0.0344311377245509
3 0.68775 0.5108532934131736 0.027 0.038922155688622756
1 0.83425 0.8693862275449102 0.05 0.08532934131736528
0 0.92425 0.9539670658682635 0.012 0.023952095808383235
0 0.80225 0.9622005988023953 0.016 0.02544910179640719
3 0.43675 0.15381736526946108 0.013000000000000001 0.0344311377245509
3 0.40425 0.18375748502994013 0.016 0.02245508982035928
3 0.48725 0.08196107784431138 0.044 0.05239520958083833
3 0.54325 0.04603293413173653 0.034 0.06437125748502995
3 0.58025 0.025823353293413176 0.024 0.02694610778443114
3 0.38725 0.10666167664670659 0.044 0.04790419161676647
3 0.37325 0.1627994011976048 0.018000000000000002 0.02544910179640719
3 0.32125 0.07148203592814371 0.024 0.040419161676646706
3 0.33625 0.017589820359281437 0.028 0.0344311377245509
0 0.12925 0.6852544910179641 0.018000000000000002 0.0344311377245509
0 0.14775 0.6725299401197605 0.023 0.056886227544910184
