0 0.420375 0.5815868263473054 0.01825 0.0344311377245509
0 0.527375 0.44910179640718567 0.01925 0.02320359281437126
0 0.576125 0.4627619760479042 0.02025 0.024326347305389222
0 0.4025 0.3259730538922156 0.0115 0.018712574850299403
0 0.606875 0.1029191616766467 0.02025 0.02470059880239521
0 0.57075 0.12443862275449102 0.0095 0.016092814371257487
0 0.551 0.13884730538922158 0.0145 0.0157185628742515
0 0.8376250000000001 0.2561751497005988 0.02025 0.025823353293413176
0 0.9265 0.26833832335329344 0.0155 0.021706586826347306
0 0.9520000000000001 0.36190119760479045 0.02 0.0531437125748503
0 0.979375 0.2569236526946108 0.01925 0.03330838323353293
0 0.95625 0.19217814371257486 0.0115 0.016092814371257487
