0 0.707375 0.4663173652694611 0.39225 0.38547904191616766
0 0.49425 0.8587200598802396 0.0125 0.027320359281437126
0 0.106375 0.593562874251497 0.03075 0.018712574850299403
0 0.216875 0.5254491017964072 0.03075 0.040419161676646706
0 0.066 0.22754491017964074 0.023 0.037425149700598806
0 0.078 0.10722305389221558 0.0145 0.024326347305389222
0 0.686625 0.8557260479041917 0.02425 0.02133233532934132
0 0.811625 0.8663922155688624 0.01425 0.020209580838323353
0 0.841375 0.8967065868263474 0.01825 0.0344311377245509
0 0.8150000000000001 0.9154191616766467 0.0095 0.020209580838323353
0 0.829875 0.9500374251497007 0.025750000000000002 0.04603293413173653
0 0.849625 0.8390718562874252 0.01725 0.01721556886227545
0 0.19087500000000002 0.7348428143712575 0.02125 0.04752994011976048
