3 0.303 0.35460329341317365 0.025 0.060254491017964075
3 0.39587500000000003 0.48708832335329344 0.02825 0.052020958083832336
3 0.495875 0.4936377245508982 0.08275 0.07485029940119761
3 0.5720000000000001 0.2251122754491018 0.0325 0.045284431137724554
3 0.6215 0.46931137724550903 0.0555 0.10404191616766467
3 0.60575 0.7677769461077845 0.1065 0.09917664670658684
3 0.75025 0.4547155688622755 0.039 0.045658682634730545
2 0.1305 0.46538173652694614 0.012 0.016092814371257487
3 0.59975 0.6096556886227545 0.057 0.0688622754491018
3 0.67625 0.6373502994011977 0.034 0.04940119760479042
3 0.48675 0.815494011976048 0.059000000000000004 0.055389221556886234
1 0.42075 0.8199850299401198 0.023 0.037425149700598806
