3 0.576375 0.4666916167664671 0.02825 0.037425149700598806
3 0.530125 0.531062874251497 0.03375 0.055389221556886234
3 0.4595 0.5091691616766467 0.0185 0.08645209580838324
3 0.326875 0.5522080838323353 0.01625 0.03255988023952096
3 0.26275 0.5261976047904192 0.0425 0.05239520958083833
3 0.10350000000000001 0.6725299401197605 0.026000000000000002 0.045658682634730545
1 0.28825 0.5827095808383234 0.024 0.07485029940119761
1 0.32475 0.656062874251497 0.025 0.04491017964071856
0 0.79325 0.2009730538922156 0.018000000000000002 0.02694610778443114
0 0.74575 0.5437874251497007 0.011 0.017964071856287428
