3 0.14625 0.29902694610778446 0.044 0.06437125748502995
3 0.48925 0.5198353293413174 0.028 0.05089820359281438
3 0.47625 0.6036676646706587 0.03 0.04790419161676647
3 0.57375 0.5512724550898204 0.031 0.07485029940119761
3 0.51625 0.47342814371257486 0.03 0.04491017964071856
3 0.52475 0.5243263473053893 0.017 0.02694610778443114
3 0.52425 0.313997005988024 0.032 0.04640718562874252
3 0.71325 0.5355538922155689 0.106 0.17514970059880242
3 0.6597500000000001 0.6366017964071856 0.027 0.04491017964071856
3 0.62225 0.6972305389221557 0.026000000000000002 0.05239520958083833
3 0.6052500000000001 0.5714820359281437 0.016 0.031437125748503
3 0.49975 0.7301646706586826 0.015 0.04341317365269461
3 0.39025 0.5849550898203593 0.034 0.06137724550898204
3 0.44175000000000003 0.5901946107784432 0.031 0.05089820359281438
3 0.43975000000000003 0.5325598802395209 0.027 0.028443113772455092
3 0.36225 0.5123502994011976 0.026000000000000002 0.04790419161676647
3 0.31375000000000003 0.5437874251497007 0.037 0.08083832335329341
