1 0.198625 0.3201721556886228 0.03275 0.03330838323353293
1 0.18325 0.46706586826347307 0.0175 0.0157185628742515
1 0.23325 0.10217065868263474 0.0675 0.1062874251497006
1 0.32825 0.6927395209580839 0.05 0.10179640718562875
1 0.34525 0.5767215568862276 0.042 0.08832335329341318
1 0.38975 0.3671407185628743 0.037 0.06437125748502995
1 0.44925 0.40456586826347307 0.05 0.11526946107784432
1 0.50325 0.30576347305389223 0.024 0.028443113772455092
1 0.55825 0.18300898203592816 0.032 0.037425149700598806
1 0.65075 0.11115269461077845 0.079 0.06736526946107785
