3 0.35575 0.28630239520958084 0.041 0.07185628742514971
3 0.48625 0.21893712574850302 0.028 0.05089820359281438
3 0.64575 0.28555389221556887 0.025 0.04341317365269461
3 0.60075 0.4876497005988024 0.063 0.07934131736526946
3 0.14325000000000002 0.5407934131736527 0.046 0.08083832335329341
3 0.20475000000000002 0.44199101796407186 0.025 0.035928143712574856
3 0.29675 0.45247005988023953 0.077 0.07485029940119761
3 0.44425000000000003 0.39932634730538924 0.138 0.13922155688622756
3 0.68825 0.374625748502994 0.044 0.08083832335329341
3 0.57925 0.34244011976047906 0.038 0.0344311377245509
