0 0.2665 0.5368637724550899 0.0105 0.019835329341317365
0 0.38375000000000004 0.27994011976047906 0.022 0.0531437125748503
0 0.34725 0.2786302395209581 0.0105 0.027320359281437126
0 0.437625 0.4008233532934132 0.02025 0.03293413173652695
0 0.387 0.5110404191616766 0.0115 0.02881736526946108
0 0.365375 0.5793413173652695 0.01825 0.02470059880239521
0 0.36925 0.624812874251497 0.0145 0.025823353293413176
0 0.478875 0.659805389221557 0.02225 0.038922155688622756
0 0.4895 0.78312125748503 0.0145 0.025823353293413176
0 0.528375 0.8334580838323353 0.02875 0.05164670658682635
0 0.50675 0.9457335329341318 0.026000000000000002 0.037425149700598806
0 0.535125 0.4541541916167665 0.01525 0.02133233532934132
0 0.5665 0.5188997005988024 0.024 0.05351796407185629
0 0.594875 0.6137724550898204 0.01725 0.021706586826347306
0 0.642875 0.7138847305389222 0.02875 0.04004491017964072
0 0.69575 0.7333458083832336 0.027 0.03630239520958084
0 0.7525000000000001 0.7584206586826348 0.0385 0.049026946107784436
0 0.793375 0.65999251497006 0.06075 0.04154191616766467
