0 0.273625 0.4258982035928144 0.04225 0.037425149700598806
0 0.678 0.4333832335329342 0.049 0.05763473053892216
0 0.74675 0.1942365269461078 0.023 0.04341317365269461
0 0.314 0.5886976047904192 0.021 0.026197604790419163
0 0.20825 0.9242140718562875 0.094 0.12088323353293413
0 0.480875 0.7730164670658684 0.02025 0.025823353293413176
0 0.55975 0.6974176646706587 0.024 0.02133233532934132
0 0.25725 0.8132485029940121 0.027 0.01721556886227545
0 0.3255 0.8600299401197605 0.025 0.0157185628742515
0 0.050625 0.6944236526946108 0.01725 0.027320359281437126
