3 0.4535 0.8134356287425151 0.0585 0.050523952095808386
3 0.52425 0.4470434131736527 0.014 0.01908682634730539
3 0.639625 0.32073353293413176 0.02625 0.020209580838323353
3 0.57675 0.3473053892215569 0.006500000000000001 0.016467065868263474
3 0.6725 0.3125 0.007 0.01122754491017964
3 0.36512500000000003 0.7786302395209581 0.01925 0.04004491017964072
3 0.33675 0.718375748502994 0.011 0.012350299401197605
3 0.21912500000000001 0.6205089820359282 0.012750000000000001 0.02245508982035928
3 0.231375 0.6515718562874252 0.01125 0.012724550898203594
3 0.4325 0.3851047904191617 0.0165 0.02245508982035928
3 0.409375 0.43226047904191617 0.00975 0.026197604790419163
3 0.37475 0.4956961077844312 0.025500000000000002 0.03181137724550898
