0 0.380875 0.8512350299401198 0.02025 0.027320359281437126
0 0.34525 0.9354416167664671 0.026000000000000002 0.02881736526946108
0 0.5165 0.7477544910179641 0.0375 0.06511976047904192
0 0.547125 0.68937125748503 0.03375 0.05464071856287425
0 0.491 0.4792290419161677 0.0345 0.052020958083832336
0 0.3905 0.5598802395209581 0.026000000000000002 0.040419161676646706
0 0.292875 0.5598802395209581 0.01525 0.04341317365269461
0 0.409125 0.438248502994012 0.01725 0.029940119760479042
0 0.92025 0.28125 0.026000000000000002 0.030314371257485033
0 0.9915 0.18880988023952097 0.0165 0.03779940119760479
