3 0.966875 0.19367514970059882 0.06575 0.27208083832335334
3 0.42475 0.7451347305389222 0.049 0.09730538922155689
3 0.47725 0.718188622754491 0.028 0.04341317365269461
3 0.54675 0.7339071856287426 0.055 0.08383233532934133
3 0.24525 0.5699850299401198 0.028 0.055389221556886234
3 0.29025 0.5542664670658684 0.04 0.0658682634730539
3 0.31875000000000003 0.7481287425149701 0.041 0.07035928143712575
3 0.36575 0.7720808383233534 0.021 0.040419161676646706
3 0.39775 0.6650449101796407 0.017 0.029940119760479042
3 0.37625000000000003 0.6508233532934132 0.012 0.031437125748503
3 0.38525 0.6156437125748503 0.014 0.014970059880239521
3 0.35075 0.4285179640718563 0.017 0.035928143712574856
3 0.43525 0.42776946107784436 0.024 0.040419161676646706
3 0.42725 0.46145209580838326 0.022 0.023952095808383235
3 0.42925 0.49064371257485034 0.026000000000000002 0.028443113772455092
3 0.26525 0.7002245508982037 0.018000000000000002 0.04640718562874252
3 0.23175 0.7541167664670659 0.029 0.0344311377245509
3 0.20225 0.7129491017964072 0.018000000000000002 0.023952095808383235
3 0.24025 0.6822604790419162 0.016 0.02245508982035928
3 0.17225000000000001 0.655314371257485 0.02 0.016467065868263474
3 0.20225 0.45172155688622756 0.028 0.031437125748503
3 0.17775 0.4562125748502994 0.015 0.0344311377245509
3 0.15025 0.4472305389221557 0.032 0.037425149700598806
3 0.15125 0.5692365269461078 0.038 0.062874251497006
