3 0.464375 0.1852544910179641 0.05425 0.03068862275449102
3 0.438875 0.29172904191616766 0.04025 0.061751497005988025
3 0.545875 0.4406811377245509 0.04125 0.06998502994011976
3 0.5942500000000001 0.39689371257485034 0.023 0.0407934131736527
3 0.618125 0.6620508982035929 0.07075000000000001 0.11526946107784432
3 0.53075 0.6489520958083833 0.037 0.047155688622754495
3 0.480125 0.6994760479041917 0.02275 0.056886227544910184
3 0.404 0.623877245508982 0.025 0.055389221556886234
3 0.23550000000000001 0.5546407185628743 0.038 0.08308383233532934
3 0.20575000000000002 0.7556137724550899 0.05 0.032185628742514974
3 0.28825 0.7687125748502994 0.043500000000000004 0.048652694610778445
3 0.26975 0.6418413173652695 0.024 0.045658682634730545
3 0.29862500000000003 0.4788547904191617 0.05325 0.052020958083832336
3 0.184 0.02226796407185629 0.074 0.04453592814371258
3 0.914375 0.6856287425149701 0.03675 0.058383233532934134
3 0.89475 0.8078218562874252 0.026000000000000002 0.03255988023952096
1 0.12175 0.6642964071856288 0.079 0.07335329341317366
3 0.31175 0.5557634730538923 0.041 0.059880239520958084
