3 0.23475000000000001 0.37013473053892215 0.023 0.056886227544910184
3 0.26725 0.374625748502994 0.026000000000000002 0.04191616766467066
3 0.26925 0.4225299401197605 0.03 0.035928143712574856
3 0.28425 0.5213323353293413 0.024 0.07784431137724551
3 0.36225 0.2638473053892216 0.032 0.0688622754491018
3 0.55125 0.23465568862275452 0.068 0.09730538922155689
3 0.43975000000000003 0.26235029940119764 0.027 0.04191616766467066
3 0.46475 0.33046407185628746 0.031 0.06137724550898204
3 0.38725 0.49887724550898205 0.032 0.08083832335329341
3 0.44875 0.534056886227545 0.029 0.040419161676646706
3 0.43075 0.4913922155688623 0.021 0.04491017964071856
3 0.47725 0.5497754491017964 0.026000000000000002 0.03293413173652695
3 0.75075 0.39558383233532934 0.043000000000000003 0.04491017964071856
3 0.65225 0.4038173652694611 0.036000000000000004 0.06736526946107785
3 0.59675 0.40306886227544914 0.047 0.07784431137724551
3 0.45875 0.4487275449101797 0.075 0.06736526946107785
3 0.39325 0.3821107784431138 0.042 0.02694610778443114
3 0.63825 0.5916916167664671 0.278 0.26047904191616766
