3 0.034375 0.219498502994012 0.06625 0.1156437125748503
3 0.211125 0.30726047904191617 0.04125 0.056886227544910184
3 0.22137500000000002 0.19816616766467068 0.035750000000000004 0.060254491017964075
3 0.26925 0.21463323353293415 0.0535 0.043787425149700604
3 0.32525 0.19255239520958084 0.0455 0.035553892215568865
3 0.281125 0.2715194610778443 0.02275 0.031062874251497008
3 0.598625 0.5269461077844312 0.05325 0.04416167664670659
3 0.598 0.6326721556886228 0.026000000000000002 0.034056886227544915
3 0.6155 0.41130239520958084 0.0175 0.027694610778443117
3 0.6637500000000001 0.3276571856287425 0.0185 0.03255988023952096
3 0.6345000000000001 0.3383233532934132 0.0185 0.027694610778443117
3 0.6072500000000001 0.31867514970059885 0.0205 0.0407934131736527
3 0.51075 0.07971556886227546 0.023 0.038922155688622756
3 0.5337500000000001 0.08270958083832336 0.019 0.02694610778443114
3 0.456625 0.030875748502994012 0.07725 0.061751497005988025
3 0.23275 0.08345808383233533 0.035 0.06437125748502995
3 0.45075 0.5490269461077845 0.137 0.13023952095808383
3 0.47275 0.2541167664670659 0.025 0.031437125748503
3 0.45325 0.29752994011976047 0.014 0.019461077844311378
3 0.46725 0.3791167664670659 0.034 0.038922155688622756
3 0.42325 0.3806137724550898 0.024 0.02694610778443114
3 0.36975 0.39109281437125754 0.043000000000000003 0.059880239520958084
3 0.41525 0.4472305389221557 0.018000000000000002 0.031437125748503
3 0.37275 0.47492514970059885 0.021 0.03293413173652695
3 0.29825 0.4509730538922156 0.024 0.023952095808383235
3 0.31875000000000003 0.41878742514970063 0.013000000000000001 0.019461077844311378
3 0.33725 0.44049401197604793 0.024 0.017964071856287428
3 0.25075000000000003 0.40830838323353297 0.021 0.019461077844311378
3 0.21775 0.5610029940119761 0.069 0.06437125748502995
3 0.30525 0.5744760479041916 0.03 0.040419161676646706
3 0.33325 0.5722305389221557 0.016 0.03293413173652695
3 0.37525000000000003 0.5542664670658684 0.016 0.02694610778443114
3 0.29625 0.5093562874251497 0.024 0.04491017964071856
3 0.19125 0.7294161676646707 0.15 0.24550898203592816
