3 0.42462500000000003 0.44404940119760483 0.02725 0.043787425149700604
3 0.47850000000000004 0.6205089820359282 0.024 0.045658682634730545
3 0.530625 0.7881736526946108 0.02825 0.048652694610778445
3 0.68075 0.7556137724550899 0.0305 0.07185628742514971
3 0.7192500000000001 0.7971556886227545 0.0185 0.047155688622754495
3 0.7655000000000001 0.44404940119760483 0.0305 0.0407934131736527
3 0.63825 0.29603293413173654 0.037 0.037425149700598806
3 0.567625 0.23315868263473055 0.01525 0.029191616766467067
3 0.49075 0.27058383233532934 0.023 0.028443113772455092
3 0.52925 0.27058383233532934 0.024 0.0344311377245509
3 0.57125 0.2690868263473054 0.028 0.019461077844311378
1 0.15125 0.7720808383233534 0.032 0.10029940119760479
3 0.25775 0.2945359281437126 0.041 0.04341317365269461
