3 0.39125 0.35815868263473055 0.022 0.038922155688622756
3 0.43375 0.35217065868263475 0.039 0.062874251497006
3 0.47575 0.32297904191616766 0.019 0.0344311377245509
3 0.46375 0.690494011976048 0.027 0.062874251497006
3 0.51875 0.10890718562874252 0.045 0.037425149700598806
3 0.51375 0.18675149700598803 0.025 0.06736526946107785
3 0.46925 0.18600299401197606 0.022 0.0688622754491018
3 0.18875 0.3903443113772455 0.047 0.040419161676646706
3 0.13025 0.5063622754491018 0.022 0.056886227544910184
3 0.08925 0.5205838323353293 0.046 0.06137724550898204
3 0.23125 0.3035179640718563 0.032 0.09131736526946109
3 0.14675 0.33420658682634735 0.029 0.04191616766467066
3 0.30575 0.28929640718562877 0.049 0.05389221556886228
3 0.58675 0.22642215568862276 0.033 0.04790419161676647
3 0.64425 0.21893712574850302 0.078 0.15868263473053892
3 0.6002500000000001 0.438248502994012 0.032 0.06437125748502995
3 0.54925 0.5699850299401198 0.03 0.05239520958083833
3 0.57125 0.7241766467065869 0.02 0.055389221556886234
3 0.64175 0.6770209580838323 0.075 0.125748502994012
3 0.84775 0.7436377245508983 0.051000000000000004 0.09431137724550899
3 0.39925 0.17402694610778444 0.07200000000000001 0.08383233532934133
3 0.39225 0.24887724550898205 0.024 0.0658682634730539
3 0.74725 0.24513473053892218 0.056 0.11526946107784432
3 0.64425 0.4839071856287425 0.056 0.07185628742514971
3 0.69325 0.3940868263473054 0.074 0.07784431137724551
3 0.25575000000000003 0.41130239520958084 0.031 0.040419161676646706
3 0.31175 0.39333832335329344 0.015 0.019461077844311378
