3 0.31375000000000003 0.3602170658682635 0.0445 0.049026946107784436
3 0.39475 0.4781062874251497 0.0175 0.0407934131736527
3 0.47900000000000004 0.42215568862275454 0.023 0.045658682634730545
3 0.49262500000000004 0.34636976047904194 0.01325 0.02133233532934132
3 0.105125 0.7238023952095809 0.01425 0.027694610778443117
3 0.16575 0.7391467065868264 0.023 0.0344311377245509
3 0.34475 0.7668413173652695 0.029 0.0688622754491018
3 0.33425 0.6875 0.024 0.029940119760479042
3 0.26575 0.7092065868263473 0.027 0.04940119760479042
3 0.31975000000000003 0.7398952095808383 0.019 0.017964071856287428
3 0.43425 0.7548652694610779 0.02 0.04191616766467066
3 0.47225 0.811751497005988 0.038 0.04191616766467066
3 0.45575 0.6845059880239521 0.069 0.08682634730538923
3 0.40325 0.6343562874251497 0.05 0.05239520958083833
3 0.5437500000000001 0.5812125748502994 0.073 0.0658682634730539
3 0.50275 0.5273203592814372 0.019 0.017964071856287428
3 0.47675 0.6029191616766467 0.055 0.037425149700598806
3 0.52125 0.656062874251497 0.034 0.07784431137724551
3 0.52825 0.7578592814371258 0.068 0.05089820359281438
3 0.6032500000000001 0.7735778443113773 0.076 0.08233532934131738
3 0.60075 0.6860029940119761 0.061 0.0658682634730539
3 0.62975 0.625374251497006 0.035 0.04341317365269461
3 0.68475 0.593937125748503 0.037 0.04640718562874252
3 0.68375 0.6979790419161677 0.053 0.08083832335329341
3 0.7352500000000001 0.6972305389221557 0.092 0.1032934131736527
3 0.65125 0.5475299401197605 0.024 0.02245508982035928
3 0.70675 0.5445359281437127 0.033 0.031437125748503
