3 0.571375 0.4545284431137725 0.03375 0.03929640718562875
3 0.634375 0.4953218562874252 0.03375 0.06848802395209581
3 0.64475 0.3291541916167665 0.0195 0.052020958083832336
3 0.73775 0.2943488023952096 0.023 0.05351796407185629
0 0.32125 0.7907934131736527 0.016 0.02095808383233533
0 0.32725 0.8207335329341318 0.014 0.02095808383233533
0 0.32925 0.7578592814371258 0.014 0.017964071856287428
3 0.39025 0.5580089820359282 0.03 0.055389221556886234
3 0.44475000000000003 0.5086077844311377 0.035 0.04341317365269461
3 0.44375000000000003 0.3903443113772455 0.049 0.04940119760479042
3 0.47675 0.46145209580838326 0.017 0.02694610778443114
3 0.26075 0.46519461077844315 0.023 0.0344311377245509
3 0.31825000000000003 0.3940868263473054 0.024 0.04491017964071856
3 0.34575 0.42028443113772457 0.023 0.037425149700598806
3 0.30175 0.4509730538922156 0.023 0.07185628742514971
3 0.34975 0.4913922155688623 0.043000000000000003 0.035928143712574856
3 0.30975 0.6119011976047904 0.013000000000000001 0.028443113772455092
3 0.27275 0.5774700598802396 0.021 0.0344311377245509
3 0.27975 0.534805389221557 0.031 0.04191616766467066
3 0.25025000000000003 0.5565119760479043 0.026000000000000002 0.07035928143712575
3 0.32225 0.5445359281437127 0.046 0.09431137724550899
