3 0.720875 0.2659056886227545 0.010750000000000001 0.013098802395209582
0 0.04675 0.9313248502994013 0.021 0.025823353293413176
3 0.26825 0.4599550898203593 0.03 0.05389221556886228
3 0.42025 0.3940868263473054 0.022 0.03293413173652695
3 0.37125 0.1845059880239521 0.034 0.04191616766467066
3 0.65925 0.26235029940119764 0.022 0.038922155688622756
3 0.52075 0.4315119760479042 0.031 0.035928143712574856
3 0.43225 0.5639970059880239 0.024 0.04940119760479042
3 0.41425 0.7249251497005988 0.022 0.04191616766467066
3 0.30625 0.6672904191616766 0.03 0.037425149700598806
3 0.31925000000000003 0.5333083832335329 0.024 0.04191616766467066
3 0.17325000000000002 0.5535179640718563 0.014 0.02544910179640719
3 0.13125 0.3589071856287425 0.032 0.04341317365269461
3 0.22225 0.5714820359281437 0.01 0.016467065868263474
3 0.23825000000000002 0.37687125748503 0.028 0.037425149700598806
3 0.29725 0.343937125748503 0.016 0.02245508982035928
3 0.46825 0.14932634730538924 0.012 0.02245508982035928
3 0.50025 0.15381736526946108 0.022 0.0344311377245509
