3 0.879 0.8581586826347306 0.023 0.048652694610778445
3 0.679 0.8183008982035929 0.099 0.15157185628742517
3 0.677125 0.9638847305389222 0.03875 0.07148203592814371
3 0.4635 0.9492889221556887 0.078 0.10067365269461079
3 0.40125 0.875187125748503 0.05 0.09618263473053892
3 0.9692500000000001 0.8401946107784432 0.0425 0.11077844311377247
3 0.932875 0.749812874251497 0.02825 0.024326347305389222
3 0.8442500000000001 0.7857410179640719 0.029500000000000002 0.06998502994011976
3 0.24125 0.5415419161676647 0.044 0.07335329341317366
3 0.39925 0.5602544910179641 0.052000000000000005 0.062874251497006
3 0.57325 0.39333832335329344 0.036000000000000004 0.04341317365269461
3 0.51175 0.5071107784431138 0.085 0.10029940119760479
3 0.39825 0.4644461077844312 0.05 0.035928143712574856
3 0.51525 0.6440868263473054 0.272 0.16467065868263475
3 0.7242500000000001 0.6613023952095809 0.03 0.040419161676646706
3 0.5982500000000001 0.22342814371257486 0.05 0.056886227544910184
3 0.68475 0.3596556886227545 0.097 0.09880239520958084
3 0.69425 0.23540419161676648 0.116 0.11676646706586827
3 0.7897500000000001 0.32672155688622756 0.083 0.10179640718562875
3 0.80875 0.44049401197604793 0.073 0.11377245508982037
3 0.84125 0.5497754491017964 0.028 0.062874251497006
3 0.42175 0.17926646706586827 0.07100000000000001 0.12724550898203593
3 0.73875 0.1223802395209581 0.041 0.02544910179640719
