3 0.2465 0.2438248502994012 0.0445 0.07297904191616766
3 0.32575 0.3081961077844312 0.036000000000000004 0.07148203592814371
3 0.37575000000000003 0.3220434131736527 0.0315 0.0407934131736527
3 0.266 0.40886976047904194 0.0205 0.022829341317365272
3 0.229625 0.3847305389221557 0.01525 0.045658682634730545
3 0.343625 0.38547904191616766 0.04775 0.05389221556886228
3 0.403 0.4724925149700599 0.036000000000000004 0.049026946107784436
3 0.5405 0.4137350299401198 0.0175 0.03255988023952096
3 0.43775000000000003 0.9622005988023953 0.114 0.07485029940119761
3 0.191 0.9556511976047904 0.064 0.06848802395209581
