0 0.1785 0.6764595808383234 0.0345 0.058757485029940125
0 0.0385 0.5441616766467067 0.026000000000000002 0.037425149700598806
0 0.37275 0.3972679640718563 0.032 0.05800898203592815
0 0.47650000000000003 0.3224176646706587 0.029 0.052020958083832336
0 0.47650000000000003 0.6031062874251497 0.027 0.04603293413173653
0 0.500625 0.9565868263473054 0.02875 0.035928143712574856
0 0.212375 0.9898952095808384 0.02075 0.019461077844311378
0 0.915 0.13529191616766467 0.0425 0.03181137724550898
0 0.881375 0.10217065868263474 0.01925 0.028443113772455092
0 0.799625 0.187874251497006 0.02875 0.05613772455089821
0 0.825625 0.250561377245509 0.01725 0.025823353293413176
0 0.180625 0.5179640718562875 0.03625 0.0815868263473054
0 0.17350000000000002 0.42814371257485034 0.04 0.07485029940119761
0 0.16575 0.3570359281437126 0.0315 0.04416167664670659
0 0.20775000000000002 0.3783682634730539 0.0315 0.04416167664670659
0 0.18975 0.3001497005988024 0.023 0.04491017964071856
0 0.324875 0.41467065868263475 0.04975 0.08233532934131738
