3 0.25275000000000003 0.626122754491018 0.027 0.035928143712574856
3 0.26025 0.5325598802395209 0.04 0.07035928143712575
3 0.04175 0.3918413173652695 0.075 0.07335329341317366
3 0.07275 0.4599550898203593 0.029 0.05389221556886228
3 0.16075 0.3289670658682635 0.053 0.21107784431137727
3 0.09325 0.36190119760479045 0.058 0.1032934131736527
3 0.29225 0.28779940119760483 0.124 0.1287425149700599
3 0.20575000000000002 0.3372005988023952 0.031 0.04191616766467066
3 0.48075 0.23465568862275452 0.043000000000000003 0.04940119760479042
3 0.41175 0.3102544910179641 0.075 0.11676646706586827
3 0.62475 0.26085329341317365 0.043000000000000003 0.0658682634730539
3 0.49375 0.3379491017964072 0.069 0.07335329341317366
3 0.57525 0.17926646706586827 0.024 0.04940119760479042
3 0.64225 0.19348802395209583 0.02 0.04191616766467066
3 0.60375 0.41429640718562877 0.041 0.06736526946107785
3 0.67725 0.38136227544910184 0.11800000000000001 0.21407185628742517
