3 0.28725 0.218562874251497 0.0305 0.055389221556886234
3 0.392625 0.34636976047904194 0.04775 0.09244011976047904
3 0.427875 0.5978667664670659 0.02275 0.06848802395209581
3 0.607375 0.6661676646706587 0.10975 0.0845808383233533
3 0.554 0.44629491017964074 0.049 0.022829341317365272
3 0.684 0.49607035928143717 0.0305 0.024326347305389222
3 0.630625 0.5252619760479043 0.02375 0.07971556886227546
3 0.671375 0.5726047904191617 0.02075 0.0344311377245509
3 0.0855 0.3551646706586827 0.0815 0.14970059880239522
3 0.09475 0.0877619760479042 0.0325 0.0407934131736527
3 0.0225 0.0656811377245509 0.0335 0.025823353293413176
