0 0.152 0.37125748502994016 0.0395 0.060628742514970066
0 0.104375 0.29285179640718567 0.01925 0.030314371257485033
0 0.23425 0.6023577844311377 0.023 0.03330838323353293
0 0.381375 0.5419161676646707 0.02125 0.03293413173652695
0 0.427375 0.627619760479042 0.05575 0.0344311377245509
0 0.5765 0.6807634730538923 0.029 0.02320359281437126
0 0.737625 0.6845059880239521 0.02025 0.035928143712574856
0 0.9165 0.8261601796407186 0.0145 0.025823353293413176
3 0.830375 0.9154191616766467 0.04825 0.05763473053892216
3 0.579375 0.9249625748502994 0.01725 0.027320359281437126
3 0.551625 0.8405688622754491 0.01925 0.020209580838323353
3 0.93325 0.752806886227545 0.025 0.03181137724550898
3 0.38525 0.407372754491018 0.077 0.10366766467065869
3 0.64675 0.5686751497005988 0.059500000000000004 0.06624251497005988
