3 0.879625 0.4285179640718563 0.05425 0.12350299401197605
3 0.24025 0.531062874251497 0.098 0.11227544910179642
3 0.23275 0.6860029940119761 0.025 0.02694610778443114
3 0.36625 0.4898952095808384 0.078 0.08982035928143713
3 0.36525 0.6732784431137725 0.034 0.04940119760479042
3 0.38075000000000003 0.565494011976048 0.045 0.055389221556886234
3 0.49725 0.3469311377245509 0.036000000000000004 0.040419161676646706
3 0.42875 0.5415419161676647 0.047 0.04940119760479042
3 0.55125 0.6186377245508983 0.074 0.09281437125748504
3 0.50225 0.7054640718562875 0.054 0.07485029940119761
3 0.65425 0.659056886227545 0.062 0.07485029940119761
3 0.72475 0.7443862275449102 0.033 0.10179640718562875
3 0.78325 0.7122005988023953 0.038 0.07934131736526946
3 0.82475 0.7144461077844312 0.021 0.02095808383233533
3 0.83875 0.6351047904191617 0.051000000000000004 0.07185628742514971
3 0.73775 0.6111526946107785 0.049 0.07784431137724551
3 0.49275 0.48091317365269465 0.083 0.14371257485029942
3 0.56625 0.5078592814371258 0.07 0.056886227544910184
3 0.57775 0.42402694610778446 0.053 0.08982035928143713
3 0.64375 0.4285179640718563 0.057 0.11676646706586827
3 0.65725 0.5363023952095809 0.082 0.08083832335329341
3 0.75475 0.48315868263473055 0.127 0.11826347305389222
3 0.70475 0.36788922155688625 0.025 0.04640718562874252
