1 0.20325000000000001 0.5752245508982037 0.034 0.1601796407185629
1 0.33625 0.26833832335329344 0.032 0.040419161676646706
1 0.35125 0.3611526946107785 0.03 0.028443113772455092
1 0.26525 0.6523203592814372 0.044 0.059880239520958084
1 0.27475 0.7713323353293413 0.033 0.04940119760479042
1 0.38225000000000003 0.718937125748503 0.018000000000000002 0.037425149700598806
1 0.57475 0.6515718562874252 0.023 0.0344311377245509
1 0.41575 0.4943862275449102 0.017 0.05239520958083833
1 0.32125 0.17028443113772457 0.074 0.1317365269461078
1 0.58925 0.41205089820359286 0.084 0.09431137724550899
1 0.49025 0.34618263473053895 0.1 0.13023952095808383
