0 0.062625 0.16336077844311378 0.10475 0.061751497005988025
0 0.035625000000000004 0.24176646706586827 0.02025 0.026197604790419163
0 0.28475 0.36190119760479045 0.0145 0.021706586826347306
0 0.35150000000000003 0.39932634730538924 0.0135 0.018712574850299403
0 0.4025 0.7636601796407186 0.029 0.04453592814371258
0 0.55825 0.5525823353293413 0.0135 0.02881736526946108
0 0.560125 0.40662425149700604 0.03275 0.03854790419161677
0 0.641375 0.3598428143712575 0.03375 0.08345808383233533
0 0.568875 0.1813248502994012 0.02875 0.04004491017964072
0 0.598125 0.907559880239521 0.03375 0.1279940119760479
0 0.5670000000000001 0.8982035928143713 0.0115 0.020209580838323353
0 0.539 0.9103667664670659 0.021 0.027320359281437126
0 0.5952500000000001 0.7715194610778443 0.02 0.025823353293413176
0 0.652375 0.6102170658682635 0.01925 0.025823353293413176
0 0.73475 0.5239520958083833 0.0145 0.020209580838323353
0 0.87275 0.6124625748502994 0.0135 0.06773952095808383
0 0.823625 0.8003368263473054 0.01325 0.022829341317365272
0 0.659625 0.8276571856287426 0.00875 0.022829341317365272
0 0.9087500000000001 0.9522829341317366 0.0165 0.08196107784431138
0 0.85575 0.9921407185628743 0.0145 0.014970059880239521
