0 0.311125 0.43038922155688625 0.02125 0.026197604790419163
0 0.137125 0.13229790419161677 0.04625 0.06324850299401198
0 0.163125 0.09431137724550899 0.01725 0.018712574850299403
0 0.38225000000000003 0.19498502994011976 0.0135 0.021706586826347306
0 0.373125 0.6304266467065869 0.01625 0.025823353293413176
0 0.030375 0.719124251497006 0.02125 0.027320359281437126
0 0.1645 0.7088323353293413 0.0125 0.021706586826347306
0 0.54675 0.5576347305389222 0.0135 0.021706586826347306
0 0.309125 0.968001497005988 0.01725 0.024326347305389222
0 0.121625 0.058383233532934134 0.01725 0.021706586826347306
