0 0.19187500000000002 0.41092814371257486 0.01925 0.04491017964071856
0 0.277875 0.4794161676646707 0.03175 0.037425149700598806
0 0.33275 0.24326347305389223 0.0105 0.020209580838323353
0 0.36212500000000003 0.3684505988023952 0.01725 0.022829341317365272
0 0.35675 0.5282559880239521 0.022 0.025823353293413176
0 0.42125 0.3648952095808383 0.026000000000000002 0.035928143712574856
0 0.56925 0.37350299401197606 0.026000000000000002 0.027694610778443117
0 0.59 0.32672155688622756 0.023 0.020209580838323353
0 0.730875 0.438997005988024 0.06075 0.14670658682634732
0 0.74675 0.6440868263473054 0.0155 0.021706586826347306
0 0.69475 0.9434880239520959 0.0345 0.09356287425149701
