3 0.57275 0.5056137724550899 0.043000000000000003 0.07335329341317366
3 0.35475 0.3199850299401198 0.047 0.07335329341317366
3 0.42625 0.48315868263473055 0.05 0.058383233532934134
3 0.31375000000000003 0.6156437125748503 0.039 0.04191616766467066
3 0.36275 0.5392964071856288 0.045 0.09580838323353294
3 0.31975000000000003 0.5265718562874252 0.043000000000000003 0.058383233532934134
3 0.47225 0.3469311377245509 0.078 0.07035928143712575
3 0.26025 0.5445359281437127 0.028 0.04341317365269461
3 0.26375 0.624625748502994 0.037 0.035928143712574856
3 0.19925 0.5901946107784432 0.036000000000000004 0.08083832335329341
