3 0.752875 0.4855913173652695 0.04025 0.058757485029940125
3 0.248 0.5091691616766467 0.076 0.034056886227544915
3 0.655625 0.24887724550898205 0.03925 0.08308383233532934
3 0.885 0.3684505988023952 0.0455 0.08121257485029941
3 0.52625 0.37163173652694614 0.1305 0.11377245508982037
3 0.34700000000000003 0.37406437125748504 0.08700000000000001 0.16429640718562874
3 0.30175 0.6613023952095809 0.037 0.0344311377245509
3 0.39825 0.6762724550898204 0.048 0.040419161676646706
3 0.36575 0.718937125748503 0.053 0.035928143712574856
3 0.36475 0.6321107784431138 0.055 0.04191616766467066
3 0.44925 0.5916916167664671 0.042 0.029940119760479042
3 0.49525 0.5999251497005988 0.032 0.037425149700598806
3 0.49675 0.6845059880239521 0.053 0.04191616766467066
3 0.6002500000000001 0.5123502994011976 0.036000000000000004 0.035928143712574856
3 0.55125 0.5273203592814372 0.044 0.035928143712574856
