3 0.661625 0.2853667664670659 0.06175 0.08794910179640719
3 0.74975 0.2348428143712575 0.0425 0.04229041916167665
3 0.339375 0.43581586826347307 0.08475 0.08944610778443114
3 0.3035 0.5920658682634731 0.08700000000000001 0.1190119760479042
3 0.242625 0.37967814371257486 0.08675000000000001 0.13660179640718564
3 0.113875 0.31549401197604793 0.11425 0.08607784431137724
3 0.17350000000000002 0.6401571856287426 0.162 0.1530688622754491
3 0.1665 0.4921407185628743 0.137 0.055389221556886234
1 0.7977500000000001 0.5220808383233533 0.083 0.06437125748502995
3 0.62425 0.781062874251497 0.05 0.06437125748502995
3 0.55425 0.782559880239521 0.032 0.04940119760479042
3 0.38025000000000003 0.753368263473054 0.032 0.04191616766467066
3 0.45925 0.8125 0.07200000000000001 0.09131736526946109
3 0.38375000000000004 0.6755239520958084 0.039 0.062874251497006
