3 0.326875 0.49288922155688625 0.12725 0.1414670658682635
3 0.470875 0.19517215568862276 0.03675 0.06998502994011976
3 0.3375 0.14895209580838326 0.076 0.14820359281437126
3 0.45225 0.5602544910179641 0.066 0.11377245508982037
3 0.48975 0.4255239520958084 0.043000000000000003 0.07485029940119761
3 0.53725 0.5527694610778443 0.054 0.125748502994012
3 0.6052500000000001 0.5288173652694611 0.07 0.08383233532934133
3 0.57625 0.4225299401197605 0.10200000000000001 0.1287425149700599
3 0.65625 0.43001497005988026 0.074 0.09580838323353294
3 0.7312500000000001 0.4038173652694611 0.042 0.06437125748502995
3 0.75925 0.48315868263473055 0.084 0.08832335329341318
