0 0.32075 0.5836452095808383 0.048 0.07597305389221558
0 0.34625 0.40306886227544914 0.035500000000000004 0.0344311377245509
0 0.542375 0.2438248502994012 0.029750000000000002 0.04752994011976048
0 0.44 0.5527694610778443 0.0385 0.040419161676646706
0 0.373125 0.6147080838323353 0.02025 0.02881736526946108
0 0.444375 0.7088323353293413 0.01825 0.0531437125748503
0 0.4025 0.8982035928143713 0.023 0.031437125748503
0 0.34325 0.9118637724550899 0.0375 0.07073353293413175
0 0.3135 0.9455464071856288 0.0145 0.025823353293413176
0 0.054875 0.12668413173652696 0.02775 0.04004491017964072
0 0.21875 0.07354041916167665 0.023 0.02881736526946108
0 0.39625 0.12013473053892217 0.024 0.035928143712574856
0 0.6645 0.10366766467065869 0.035500000000000004 0.02320359281437126
0 0.838125 0.11938622754491018 0.03275 0.04341317365269461
0 0.979875 0.4850299401197605 0.03175 0.037425149700598806
0 0.599625 0.7232410179640719 0.01925 0.04752994011976048
0 0.20075 0.2224925149700599 0.023 0.02881736526946108
