0 0.33225 0.33252245508982037 0.025500000000000002 0.04752994011976048
0 0.173625 0.7636601796407186 0.02125 0.03330838323353293
0 0.2625 0.9543413173652695 0.0145 0.04341317365269461
0 0.967875 0.3381362275449102 0.04425 0.08645209580838324
0 0.5135 0.17889221556886228 0.031 0.05763473053892216
0 0.51675 0.6169535928143713 0.021500000000000002 0.04154191616766467
0 0.358875 0.3806137724550898 0.02375 0.04491017964071856
0 0.353625 0.436938622754491 0.01825 0.025823353293413176
0 0.35875 0.6431511976047904 0.021 0.04752994011976048
0 0.46950000000000003 0.39277694610778446 0.009000000000000001 0.016841317365269462
0 0.38325000000000004 0.593188622754491 0.0135 0.02245508982035928
0 0.50775 0.5160928143712575 0.0155 0.02544910179640719
0 0.53125 0.48633982035928147 0.0285 0.052020958083832336
0 0.603625 0.5765344311377246 0.01875 0.02881736526946108
0 0.603 0.4910179640718563 0.035500000000000004 0.06511976047904192
0 0.586 0.3411302395209581 0.023 0.04827844311377246
0 0.39525 0.2593562874251497 0.012 0.02544910179640719
0 0.45625 0.281437125748503 0.016 0.028443113772455092
0 0.4285 0.42776946107784436 0.024 0.02544910179640719
0 0.553 0.7037799401197605 0.0445 0.0999251497005988
0 0.4325 0.7002245508982037 0.014 0.02544910179640719
0 0.447375 0.7604790419161677 0.01525 0.035179640718562874
0 0.395625 0.7627245508982037 0.01525 0.035179640718562874
0 0.42425 0.8224176646706587 0.0095 0.018338323353293415
0 0.549 0.8531062874251497 0.0235 0.045284431137724554
0 0.5755 0.7851796407185629 0.022 0.035928143712574856
0 0.543875 0.7900449101796407 0.010750000000000001 0.0157185628742515
0 0.38625 0.48708832335329344 0.0115 0.016841317365269462
0 0.55425 0.11770209580838324 0.0315 0.03854790419161677
0 0.575125 0.15363023952095808 0.01325 0.022829341317365272
0 0.448625 0.20247005988023953 0.01875 0.02245508982035928
0 0.562875 0.23858532934131738 0.02375 0.05576347305389222
0 0.588875 0.28349550898203596 0.00775 0.022829341317365272
0 0.6035 0.4217814371257485 0.0175 0.04790419161676647
0 0.654 0.6220059880239521 0.0155 0.04790419161676647
0 0.11787500000000001 0.9337574850299402 0.02375 0.04640718562874252
0 0.472875 0.26833832335329344 0.01925 0.035179640718562874
