3 0.280125 0.26833832335329344 0.02075 0.027694610778443117
3 0.15625 0.3317739520958084 0.029500000000000002 0.08270958083832336
3 0.1045 0.2732035928143713 0.05 0.056886227544910184
3 0.307875 0.5464071856287426 0.02825 0.047155688622754495
3 0.46925 0.32690868263473055 0.023 0.043787425149700604
3 0.636125 0.5791541916167665 0.01725 0.034056886227544915
3 0.30075 0.6508233532934132 0.025 0.037425149700598806
3 0.25125000000000003 0.5864520958083833 0.026000000000000002 0.06811377245508983
3 0.323 0.40830838323353297 0.026000000000000002 0.06362275449101797
3 0.523625 0.33008982035928147 0.035750000000000004 0.04416167664670659
3 0.11925000000000001 0.4502245508982036 0.064 0.08233532934131738
3 0.10125 0.534805389221557 0.058 0.07485029940119761
3 0.15175 0.6380988023952097 0.139 0.18862275449101798
