0 0.27075 0.29360029940119764 0.023 0.04303892215568862
0 0.29475 0.42833083832335334 0.027 0.04752994011976048
0 0.451 0.345434131736527 0.022 0.037425149700598806
0 0.35975 0.4880239520958084 0.028 0.037425149700598806
0 0.33187500000000003 0.3338323353293413 0.01825 0.02320359281437126
0 0.51825 0.3937125748502994 0.026000000000000002 0.035928143712574856
0 0.60875 0.3411302395209581 0.026000000000000002 0.017589820359281437
0 0.68425 0.43974550898203596 0.025 0.04491017964071856
0 0.592375 0.4569610778443114 0.02425 0.029940119760479042
0 0.549625 0.4951347305389222 0.02125 0.02320359281437126
0 0.73575 0.5175898203592815 0.026000000000000002 0.05613772455089821
0 0.67325 0.6498877245508983 0.076 0.10815868263473055
0 0.1775 0.9601422155688624 0.021 0.03181137724550898
0 0.17175 0.3201721556886228 0.0115 0.027320359281437126
