3 0.13775 0.5872005988023953 0.038 0.06961077844311378
3 0.5573750000000001 0.5050523952095809 0.07275 0.10741017964071857
3 0.782875 0.5847679640718563 0.07825 0.12986526946107785
3 0.42312500000000003 0.6117140718562875 0.03475 0.050523952095808386
3 0.42462500000000003 0.4855913173652695 0.02925 0.061751497005988025
3 0.35625 0.31100299401197606 0.066 0.09730538922155689
3 0.26625 0.41205089820359286 0.046 0.062874251497006
3 0.31075 0.502619760479042 0.045 0.06736526946107785
3 0.34275 0.5669910179640719 0.045 0.09131736526946109
3 0.43375 0.3162425149700599 0.025 0.05089820359281438
