3 0.213875 0.7425149700598803 0.07075000000000001 0.0845808383233533
3 0.36875 0.8866017964071857 0.0565 0.08308383233532934
3 0.307875 0.8270958083832336 0.04575 0.055389221556886234
3 0.6627500000000001 0.42702095808383234 0.0335 0.055389221556886234
0 0.24625 0.29210329341317365 0.024 0.04303892215568862
3 0.40925 0.45172155688622756 0.044 0.06137724550898204
3 0.34025 0.5243263473053893 0.04 0.062874251497006
3 0.48625 0.6313622754491018 0.074 0.09730538922155689
3 0.62075 0.5610029940119761 0.037 0.05239520958083833
3 0.66025 0.6642964071856288 0.094 0.09730538922155689
3 0.69725 0.7436377245508983 0.066 0.055389221556886234
3 0.73875 0.7084580838323353 0.027 0.05089820359281438
