0 0.44525000000000003 0.16055389221556887 0.028 0.04191616766467066
0 0.402875 0.7657185628742516 0.029750000000000002 0.048652694610778445
0 0.516 0.6188248502994013 0.0385 0.08345808383233533
0 0.6072500000000001 0.624812874251497 0.029 0.049026946107784436
0 0.779375 0.6742140718562875 0.04425 0.08495508982035929
0 0.627 0.7123877245508983 0.03 0.049026946107784436
0 0.7020000000000001 0.6699101796407186 0.024 0.038922155688622756
0 0.719375 0.8095059880239521 0.03175 0.035928143712574856
0 0.23850000000000002 0.9189745508982037 0.022 0.03330838323353293
0 0.177375 0.1691616766467066 0.03075 0.021706586826347306
