3 0.684 0.5271332335329342 0.05 0.06998502994011976
3 0.5095000000000001 0.7172529940119761 0.036000000000000004 0.0407934131736527
3 0.61 0.6141467065868264 0.026000000000000002 0.055389221556886234
3 0.432875 0.6798278443113773 0.03475 0.024326347305389222
3 0.40625 0.9019461077844312 0.014 0.045658682634730545
3 0.129625 0.4406811377245509 0.05425 0.05351796407185629
3 0.029125 0.6523203592814372 0.05325 0.06661676646706587
3 0.47475 0.26253742514970063 0.025 0.03255988023952096
3 0.36175 0.30726047904191617 0.0185 0.027694610778443117
3 0.545375 0.28779940119760483 0.01625 0.02095808383233533
3 0.18125 0.06324850299401198 0.038 0.04790419161676647
3 0.195625 0.021145209580838323 0.04525 0.04229041916167665
3 0.54625 0.48315868263473055 0.026000000000000002 0.0344311377245509
3 0.52025 0.5056137724550899 0.026000000000000002 0.0344311377245509
3 0.61975 0.41654191616766467 0.025 0.02694610778443114
