3 0.9333750000000001 0.6979790419161677 0.09675 0.1414670658682635
3 0.027375 0.7709580838323353 0.03025 0.047155688622754495
3 0.05375 0.9736152694610779 0.069 0.052020958083832336
3 0.58575 0.4098053892215569 0.061 0.08233532934131738
3 0.6002500000000001 0.49887724550898205 0.016 0.023952095808383235
3 0.67925 0.5482784431137725 0.038 0.09281437125748504
3 0.64225 0.6298652694610779 0.062 0.06137724550898204
3 0.63475 0.7226796407185629 0.033 0.05239520958083833
3 0.78825 0.5505239520958084 0.07 0.09730538922155689
3 0.74825 0.6515718562874252 0.12 0.056886227544910184
3 0.77675 0.7256736526946108 0.089 0.07634730538922156
3 0.85275 0.5677395209580839 0.023 0.035928143712574856
3 0.76275 0.3821107784431138 0.027 0.09281437125748504
3 0.81275 0.41130239520958084 0.033 0.06437125748502995
3 0.86675 0.4801646706586827 0.031 0.028443113772455092
3 0.47525 0.7166916167664671 0.05 0.08532934131736528
3 0.38675 0.6201347305389222 0.077 0.05389221556886228
3 0.20325000000000001 0.5078592814371258 0.062 0.04191616766467066
3 0.29325 0.4839071856287425 0.04 0.029940119760479042
3 0.34725 0.3723802395209581 0.066 0.11227544910179642
3 0.32425 0.29902694610778446 0.028 0.08832335329341318
3 0.22025 0.41654191616766467 0.048 0.062874251497006
3 0.50175 0.5602544910179641 0.023 0.029940119760479042
