0 0.537125 0.35797155688622756 0.02825 0.03181137724550898
0 0.114125 0.06848802395209581 0.01925 0.014970059880239521
0 0.46187500000000004 0.3888473053892216 0.02025 0.029191616766467067
0 0.43125 0.35853293413173654 0.014 0.0157185628742515
0 0.46875 0.5677395209580839 0.0195 0.029191616766467067
0 0.591375 0.596369760479042 0.02225 0.03255988023952096
0 0.438 0.4249625748502994 0.0225 0.02881736526946108
0 0.417125 0.5808383233532934 0.01425 0.02470059880239521
0 0.4555 0.5986152694610779 0.021 0.028068862275449104
0 0.48025 0.6450224550898204 0.019 0.029565868263473054
0 0.462125 0.686564371257485 0.01375 0.025074850299401198
0 0.43475 0.6738398203592815 0.02 0.02881736526946108
0 0.45487500000000003 0.719498502994012 0.014750000000000001 0.02881736526946108
0 0.5750000000000001 0.811377245508982 0.0115 0.017964071856287428
0 0.547 0.751497005988024 0.025500000000000002 0.0785928143712575
0 0.501125 0.7404565868263473 0.00875 0.012350299401197605
0 0.41525 0.7286676646706587 0.0315 0.029940119760479042
0 0.515 0.8276571856287426 0.029500000000000002 0.06848802395209581
0 0.47575 0.8403817365269461 0.0245 0.03854790419161677
0 0.510125 0.8800523952095809 0.02225 0.013098802395209582
0 0.14400000000000002 0.0595059880239521 0.0165 0.02095808383233533
0 0.15325 0.03854790419161677 0.013000000000000001 0.019461077844311378
