0 0.580375 0.27994011976047906 0.02325 0.03293413173652695
0 0.6783750000000001 0.24214071856287428 0.01175 0.026197604790419163
0 0.752375 0.9133607784431138 0.04425 0.04453592814371258
0 0.67225 0.20770958083832336 0.0045000000000000005 0.014221556886227546
0 0.678625 0.3635853293413174 0.04475 0.046781437125748504
0 0.682 0.29378742514970063 0.026000000000000002 0.050149700598802395
0 0.668375 0.27956586826347307 0.00625 0.011976047904191617
0 0.72575 0.23615269461077845 0.0165 0.018712574850299403
0 0.661 0.1158308383233533 0.009000000000000001 0.01908682634730539
0 0.689625 0.1433383233532934 0.00875 0.01347305389221557
