3 0.31125 0.41803892215568866 0.03 0.038922155688622756
3 0.22775 0.6403443113772456 0.055 0.055389221556886234
3 0.35275 0.5954341317365269 0.111 0.1062874251497006
3 0.47225 0.5370508982035929 0.056 0.055389221556886234
3 0.42075 0.4636976047904192 0.047 0.055389221556886234
3 0.41225 0.4008233532934132 0.028 0.04341317365269461
3 0.41875 0.313997005988024 0.031 0.04940119760479042
3 0.43575 0.23764970059880242 0.037 0.04640718562874252
0 0.54025 0.18001497005988026 0.016 0.02095808383233533
0 0.56175 0.19273952095808383 0.015 0.02245508982035928
3 0.47125 0.46145209580838326 0.026000000000000002 0.04191616766467066
3 0.61775 0.40456586826347307 0.037 0.05089820359281438
3 0.65575 0.36190119760479045 0.043000000000000003 0.06137724550898204
3 0.70325 0.28405688622754494 0.06 0.07934131736526946
