3 0.48075 0.6938622754491018 0.037 0.058383233532934134
3 0.7262500000000001 0.5213323353293413 0.084 0.10179640718562875
3 0.76025 0.4255239520958084 0.038 0.05089820359281438
3 0.8462500000000001 0.5288173652694611 0.1 0.12275449101796408
3 0.63175 0.48465568862275454 0.023 0.04341317365269461
3 0.58375 0.5160928143712575 0.049 0.09131736526946109
3 0.50875 0.4666916167664671 0.049 0.058383233532934134
3 0.43025 0.45770958083832336 0.038 0.06736526946107785
3 0.35025 0.5273203592814372 0.244 0.24251497005988026
3 0.45425 0.2630988023952096 0.048 0.07934131736526946
3 0.36725 0.39633233532934137 0.046 0.04940119760479042
3 0.29375 0.3506736526946108 0.029 0.08083832335329341
