0 0.24575 0.4839071856287425 0.025 0.02694610778443114
0 0.67475 0.5669910179640719 0.035 0.04640718562874252
0 0.62725 0.5243263473053893 0.016 0.02095808383233533
0 0.72475 0.42103293413173654 0.025 0.03293413173652695
0 0.68925 0.3259730538922156 0.012 0.031437125748503
0 0.6567500000000001 0.3783682634730539 0.021 0.031437125748503
0 0.54825 0.4195359281437126 0.03 0.035928143712574856
0 0.59775 0.3604041916167665 0.011 0.019461077844311378
0 0.49375 0.3806137724550898 0.023 0.04191616766467066
0 0.46525 0.39633233532934137 0.028 0.031437125748503
0 0.45025 0.47717065868263475 0.022 0.04341317365269461
0 0.39675 0.4816616766467066 0.011 0.0344311377245509
0 0.38375000000000004 0.4285179640718563 0.017 0.023952095808383235
0 0.28975 0.5175898203592815 0.017 0.028443113772455092
0 0.22425 0.5497754491017964 0.022 0.03293413173652695
