0 0.3385 0.35179640718562877 0.0085 0.038922155688622756
0 0.46575 0.5355538922155689 0.021 0.0344311377245509
0 0.71975 0.49887724550898205 0.029 0.035928143712574856
0 0.78625 0.5063622754491018 0.016 0.02095808383233533
0 0.68675 0.5063622754491018 0.013000000000000001 0.017964071856287428
0 0.51975 0.42477544910179643 0.021 0.031437125748503
0 0.54825 0.3858532934131737 0.02 0.028443113772455092
0 0.59675 0.3604041916167665 0.019 0.0344311377245509
0 0.58625 0.31549401197604793 0.016 0.028443113772455092
0 0.62225 0.26459580838323354 0.016 0.031437125748503
0 0.53225 0.1755239520958084 0.022 0.02694610778443114
0 0.46425 0.20546407185628743 0.012 0.02095808383233533
