3 0.51225 0.47099550898203596 0.0325 0.04229041916167665
3 0.4405 0.38304640718562877 0.024 0.03929640718562875
3 0.30025 0.38547904191616766 0.0195 0.03068862275449102
3 0.21825 0.3691991017964072 0.0185 0.0407934131736527
3 0.4485 0.2559880239520958 0.0185 0.029191616766467067
3 0.585 0.3602170658682635 0.015 0.022829341317365272
3 0.47625 0.8710703592814372 0.0305 0.03255988023952096
3 0.25075000000000003 0.7653443113772456 0.053 0.05089820359281438
3 0.26375 0.8918413173652695 0.029 0.058383233532934134
3 0.25675 0.8169910179640719 0.025 0.040419161676646706
3 0.30125 0.8214820359281437 0.036000000000000004 0.058383233532934134
3 0.37575000000000003 0.8910928143712575 0.079 0.0688622754491018
3 0.28625 0.9644461077844312 0.04 0.05089820359281438
