3 0.63825 0.40250748502994016 0.037 0.05501497005988024
3 0.63175 0.14670658682634732 0.3955 0.29341317365269465
3 0.07087500000000001 0.09973802395209581 0.01975 0.052020958083832336
3 0.01875 0.20565119760479042 0.0175 0.03255988023952096
3 0.35025 0.7376497005988024 0.0325 0.10104790419161677
3 0.37575000000000003 0.905314371257485 0.0205 0.035928143712574856
3 0.48712500000000003 0.7767589820359282 0.15425 0.156062874251497
3 0.680875 0.9133607784431138 0.56125 0.1725299401197605
3 0.064875 0.40812125748503 0.03375 0.05351796407185629
3 0.68825 0.40812125748503 0.039 0.043787425149700604
3 0.59325 0.4562125748502994 0.012 0.035928143712574856
3 0.39425 0.563248502994012 0.014 0.023952095808383235
3 0.38075000000000003 0.6044161676646707 0.015 0.02245508982035928
3 0.43825000000000003 0.6044161676646707 0.028 0.055389221556886234
3 0.43175 0.6650449101796407 0.027 0.02694610778443114
3 0.46775 0.5625 0.031 0.07335329341317366
3 0.45325 0.499625748502994 0.03 0.037425149700598806
3 0.49825 0.43600299401197606 0.034 0.035928143712574856
3 0.49025 0.49064371257485034 0.02 0.05239520958083833
3 0.51575 0.47492514970059885 0.025 0.029940119760479042
3 0.5337500000000001 0.5602544910179641 0.015 0.035928143712574856
