3 0.389375 0.250374251497006 0.02375 0.040419161676646706
3 0.36062500000000003 0.32110778443113774 0.02925 0.048652694610778445
3 0.22525 0.7254865269461078 0.026000000000000002 0.05726047904191617
3 0.45675 0.7662799401197605 0.048 0.07971556886227546
3 0.274125 0.87687125748503 0.05425 0.050149700598802395
3 0.253375 0.08401946107784432 0.50675 0.16803892215568864
3 0.25075000000000003 0.3731287425149701 0.039 0.062874251497006
3 0.28475 0.376122754491018 0.027 0.02095808383233533
3 0.19075 0.44199101796407186 0.057 0.07784431137724551
3 0.15275 0.3940868263473054 0.069 0.15868263473053892
3 0.22575 0.29229041916167664 0.057 0.0688622754491018
3 0.09075 0.4000748502994012 0.053 0.0658682634730539
