3 0.24425 0.40494011976047906 0.04 0.04416167664670659
3 0.227375 0.561938622754491 0.08025 0.1755239520958084
3 0.177875 0.690494011976048 0.04025 0.07784431137724551
3 0.20675000000000002 0.8336452095808383 0.063 0.09767964071856287
0 0.02075 0.8729416167664671 0.0175 0.030314371257485033
3 0.55925 0.503368263473054 0.062 0.1347305389221557
3 0.45275 0.47118263473053895 0.11900000000000001 0.1032934131736527
3 0.50125 0.5235778443113773 0.034 0.08233532934131738
3 0.33125 0.5205838323353293 0.02 0.02544910179640719
3 0.29225 0.7361526946107785 0.128 0.18113772455089822
3 0.44625000000000004 0.686751497005988 0.046 0.15119760479041916
3 0.50525 0.6725299401197605 0.038 0.0658682634730539
3 0.41475 0.5752245508982037 0.145 0.0688622754491018
