3 0.261625 0.42683383233532934 0.03825 0.07148203592814371
3 0.201875 0.3920284431137725 0.03375 0.050523952095808386
3 0.507375 0.6457709580838323 0.03375 0.07672155688622755
3 0.5785 0.7075224550898204 0.035 0.060254491017964075
3 0.46375 0.7378368263473054 0.0945 0.07148203592814371
3 0.68825 0.784056886227545 0.026000000000000002 0.040419161676646706
3 0.602875 0.8037050898203594 0.03375 0.0407934131736527
3 0.5655 0.6367889221556886 0.024 0.03255988023952096
3 0.54975 0.8044535928143713 0.0185 0.03929640718562875
3 0.29425 0.7122005988023953 0.052000000000000005 0.06137724550898204
3 0.35975 0.6702844311377246 0.067 0.07934131736526946
