0 0.5221250000000001 0.1375374251497006 0.01825 0.027320359281437126
0 0.42612500000000003 0.23465568862275452 0.01825 0.02320359281437126
3 0.74125 0.43375748502994016 0.064 0.058383233532934134
3 0.64375 0.6193862275449102 0.043000000000000003 0.05239520958083833
3 0.58325 0.6066616766467067 0.064 0.0658682634730539
3 0.46775 0.4764221556886228 0.035 0.062874251497006
3 0.54675 0.43600299401197606 0.081 0.09580838323353294
3 0.47825 0.37163173652694614 0.026000000000000002 0.038922155688622756
3 0.52075 0.7024700598802396 0.045 0.125748502994012
3 0.55925 0.7256736526946108 0.018000000000000002 0.031437125748503
3 0.43275 0.6478293413173654 0.107 0.11227544910179642
3 0.24725 0.7428892215568863 0.25 0.23353293413173654
