3 0.2665 0.5327470059880239 0.052000000000000005 0.07148203592814371
3 0.356125 0.658869760479042 0.03375 0.07971556886227546
3 0.426375 0.8168038922155689 0.03925 0.06998502994011976
3 0.569875 0.7629116766467067 0.03475 0.07297904191616766
3 0.499125 0.627994011976048 0.06525 0.07634730538922156
3 0.561125 0.5130988023952097 0.12825 0.17589820359281438
3 0.752375 0.4292664670658683 0.03475 0.056886227544910184
3 0.414875 0.24869011976047906 0.06425 0.09618263473053892
3 0.680125 0.6938622754491018 0.05325 0.09431137724550899
1 0.078875 0.5239520958083833 0.09725 0.22754491017964074
3 0.16175 0.6343562874251497 0.049 0.1092814371257485
3 0.19725 0.6949850299401198 0.048 0.059880239520958084
