3 0.227875 0.500935628742515 0.02725 0.06324850299401198
3 0.41050000000000003 0.3106287425149701 0.0425 0.056886227544910184
3 0.446875 0.38547904191616766 0.03475 0.03068862275449102
3 0.4855 0.41878742514970063 0.0185 0.029191616766467067
3 0.52525 0.33663922155688625 0.0675 0.09917664670658684
3 0.64375 0.5067365269461078 0.039 0.038922155688622756
3 0.055125 0.659618263473054 0.05775 0.08121257485029941
3 0.008875000000000001 0.6620508982035929 0.01725 0.02470059880239521
0 0.45637500000000003 0.7728293413173654 0.01725 0.020209580838323353
3 0.19425 0.03181137724550898 0.042 0.04191616766467066
3 0.13275 0.07297904191616766 0.025 0.055389221556886234
3 0.26525 0.07747005988023953 0.034 0.07934131736526946
3 0.23375 0.08570359281437126 0.023 0.04191616766467066
3 0.19675 0.11115269461077845 0.019 0.023952095808383235
3 0.18075 0.14483532934131738 0.021 0.02544910179640719
3 0.22825 0.13061377245508982 0.026000000000000002 0.038922155688622756
3 0.30525 0.06399700598802395 0.026000000000000002 0.028443113772455092
3 0.35375 0.023577844311377247 0.011 0.019461077844311378
3 0.41625 0.04977544910179641 0.018000000000000002 0.029940119760479042
3 0.31225 0.5295658682634731 0.016 0.037425149700598806
3 0.24175 0.3671407185628743 0.021 0.03293413173652695
3 0.47425 0.5190868263473054 0.03 0.04640718562874252
3 0.47825 0.6373502994011977 0.026000000000000002 0.04940119760479042
3 0.56075 0.7092065868263473 0.123 0.17514970059880242
3 0.58175 0.561751497005988 0.039 0.08982035928143713
3 0.68175 0.6395958083832336 0.127 0.15269461077844312
