3 0.266625 0.5879491017964072 0.04125 0.07485029940119761
3 0.483375 0.3471182634730539 0.15125 0.13660179640718564
3 0.19475 0.06811377245508983 0.2935 0.1190119760479042
3 0.37075 0.5565119760479043 0.035 0.07335329341317366
3 0.39525 0.75187125748503 0.036000000000000004 0.0688622754491018
3 0.44475000000000003 0.6875 0.031 0.09580838323353294
3 0.50675 0.6306137724550899 0.083 0.14970059880239522
3 0.51575 0.7436377245508983 0.073 0.07934131736526946
3 0.58575 0.6096556886227545 0.061 0.056886227544910184
3 0.64575 0.6418413173652695 0.051000000000000004 0.037425149700598806
3 0.61675 0.7473802395209581 0.139 0.19461077844311378
