3 0.23175 0.5999251497005988 0.053 0.04341317365269461
3 0.34525 0.49663173652694614 0.014 0.031437125748503
3 0.39825 0.5535179640718563 0.026000000000000002 0.031437125748503
3 0.45575 0.6732784431137725 0.029 0.028443113772455092
3 0.50525 0.7241766467065869 0.04 0.031437125748503
3 0.56125 0.6987275449101796 0.032 0.040419161676646706
3 0.53725 0.718188622754491 0.016 0.016467065868263474
3 0.57225 0.5886976047904192 0.032 0.035928143712574856
3 0.65525 0.5482784431137725 0.034 0.038922155688622756
3 0.57275 0.499625748502994 0.029 0.04640718562874252
