3 0.33125 0.6336077844311377 0.0315 0.058383233532934134
3 0.349625 0.6953592814371258 0.01425 0.045658682634730545
3 0.39375 0.8882859281437127 0.0305 0.060254491017964075
3 0.53825 0.655501497005988 0.0195 0.06324850299401198
3 0.635625 0.7004116766467067 0.04675 0.08794910179640719
3 0.6225 0.8540419161676647 0.029500000000000002 0.07335329341317366
3 0.761125 0.7352170658682635 0.03275 0.043787425149700604
3 0.429 0.3096931137724551 0.0185 0.022829341317365272
3 0.13925 0.6815119760479043 0.038 0.0688622754491018
3 0.22175 0.659056886227545 0.061 0.04491017964071856
3 0.69975 0.5894461077844312 0.023 0.05239520958083833
3 0.73925 0.6156437125748503 0.026000000000000002 0.05389221556886228
