3 0.054625 0.4040044910179641 0.08275 0.11714071856287425
3 0.1845 0.35778443113772457 0.0185 0.0344311377245509
3 0.23775000000000002 0.39670658682634735 0.0315 0.027694610778443117
3 0.558875 0.37967814371257486 0.09125 0.08794910179640719
3 0.49212500000000003 0.5155314371257486 0.04025 0.060254491017964075
3 0.609375 0.4766092814371258 0.03375 0.060254491017964075
3 0.741 0.47492514970059885 0.038 0.05389221556886228
3 0.83725 0.48465568862275454 0.0305 0.037425149700598806
3 0.7741250000000001 0.5245134730538923 0.01975 0.045284431137724554
3 0.30725 0.1096556886227545 0.082 0.056886227544910184
3 0.27975 0.2099550898203593 0.041 0.0688622754491018
3 0.33425 0.21818862275449102 0.028 0.058383233532934134
3 0.33525 0.29977544910179643 0.076 0.062874251497006
3 0.7282500000000001 0.19348802395209583 0.044 0.03293413173652695
3 0.64725 0.2473802395209581 0.028 0.038922155688622756
3 0.70425 0.25860778443113774 0.028 0.0344311377245509
3 0.68825 0.3880988023952096 0.038 0.0658682634730539
