0 0.39 0.22080838323353294 0.0405 0.05613772455089821
0 0.63375 0.5406062874251497 0.03 0.04453592814371258
0 0.2415 0.5671781437125749 0.0395 0.04303892215568862
3 0.043375000000000004 0.657747005988024 0.04525 0.03480538922155689
0 0.31825000000000003 0.26085329341317365 0.012 0.023952095808383235
0 0.50075 0.2578592814371258 0.009000000000000001 0.017964071856287428
0 0.31525000000000003 0.19049401197604793 0.016 0.017964071856287428
0 0.24575 0.2660928143712575 0.007 0.01347305389221557
0 0.35375 0.18226047904191617 0.009000000000000001 0.016467065868263474
0 0.49825 0.5333083832335329 0.008 0.017964071856287428
3 0.16925 0.7990269461077845 0.15 0.12125748502994013
