0 0.463 0.010853293413173653 0.0345 0.018712574850299403
0 0.45025 0.30800898203592814 0.032 0.04341317365269461
0 0.63375 0.31175149700598803 0.019 0.02694610778443114
0 0.61125 0.3888473053892216 0.014 0.02245508982035928
0 0.59975 0.4330089820359282 0.023 0.035928143712574856
0 0.67925 0.4599550898203593 0.018000000000000002 0.023952095808383235
0 0.57075 0.4172904191616767 0.019 0.031437125748503
0 0.50975 0.4487275449101797 0.015 0.031437125748503
0 0.45975 0.8671407185628743 0.015 0.029940119760479042
0 0.49125 0.8327095808383234 0.012 0.029940119760479042
1 0.31225 0.8551646706586827 0.098 0.08383233532934133
0 0.53125 0.5692365269461078 0.016 0.03293413173652695
0 0.55675 0.6306137724550899 0.017 0.03293413173652695
0 0.57825 0.6171407185628743 0.012 0.035928143712574856
0 0.61725 0.6036676646706587 0.014 0.04191616766467066
0 0.61475 0.658308383233533 0.013000000000000001 0.040419161676646706
0 0.64875 0.688997005988024 0.011 0.03293413173652695
0 0.64725 0.7324101796407186 0.018000000000000002 0.03293413173652695
