3 0.35625 0.87687125748503 0.036000000000000004 0.055389221556886234
3 0.39525 0.9315119760479043 0.056 0.05389221556886228
3 0.447375 0.9835329341317366 0.02225 0.032185628742514974
3 0.37825000000000003 0.1755239520958084 0.054 0.062874251497006
3 0.37625000000000003 0.3409431137724551 0.056 0.06137724550898204
3 0.45325 0.4135479041916168 0.06 0.08982035928143713
3 0.57125 0.4824101796407186 0.016 0.056886227544910184
3 0.61825 0.3529191616766467 0.03 0.019461077844311378
3 0.61475 0.5976796407185629 0.053 0.08982035928143713
3 0.60275 0.843188622754491 0.021 0.05389221556886228
3 0.68525 0.5130988023952097 0.026000000000000002 0.031437125748503
3 0.67575 0.45546407185628746 0.023 0.029940119760479042
3 0.51425 0.5497754491017964 0.098 0.17065868263473055
3 0.41625 0.6815119760479043 0.038 0.038922155688622756
3 0.41875 0.6291167664670659 0.035 0.04491017964071856
3 0.47475 0.7346556886227545 0.053 0.1691616766467066
3 0.5337500000000001 0.7728293413173654 0.031 0.059880239520958084
3 0.41625 0.48690119760479045 0.022 0.04491017964071856
3 0.28725 0.565494011976048 0.042 0.09131736526946109
3 0.23075 0.5235778443113773 0.021 0.040419161676646706
3 0.34125 0.44947604790419166 0.088 0.14970059880239522
3 0.18725 0.23839820359281438 0.03 0.05389221556886228
3 0.23775000000000002 0.3723802395209581 0.097 0.1601796407185629
3 0.29425 0.31324850299401197 0.056 0.056886227544910184
