3 0.47725 0.2473802395209581 0.042 0.0658682634730539
3 0.42225 0.3312125748502994 0.05 0.059880239520958084
3 0.44325000000000003 0.281062874251497 0.02 0.028443113772455092
3 0.23725000000000002 0.4412425149700599 0.032 0.06736526946107785
3 0.14325000000000002 0.5550149700598803 0.024 0.031437125748503
3 0.20625000000000002 0.5722305389221557 0.024 0.029940119760479042
3 0.18675 0.4936377245508982 0.023 0.037425149700598806
3 0.21925 0.5415419161676647 0.036000000000000004 0.031437125748503
3 0.51525 0.33420658682634735 0.026000000000000002 0.059880239520958084
3 0.5972500000000001 0.3357035928143713 0.044 0.08982035928143713
3 0.15975 0.2848053892215569 0.013000000000000001 0.029940119760479042
3 0.27325 0.3409431137724551 0.014 0.02245508982035928
3 0.31925000000000003 0.3693862275449102 0.014 0.02544910179640719
3 0.41925 0.6059131736526946 0.32 0.4326347305389222
3 0.6697500000000001 0.6515718562874252 0.14100000000000001 0.11077844311377247
3 0.64675 0.5370508982035929 0.07100000000000001 0.04640718562874252
3 0.72175 0.5520209580838323 0.033 0.031437125748503
