0 0.26837500000000003 0.6946107784431138 0.01825 0.05613772455089821
0 0.45775 0.5799026946107785 0.03 0.04603293413173653
0 0.44625000000000004 0.6657934131736527 0.035500000000000004 0.04191616766467066
0 0.45687500000000003 0.7421407185628743 0.03375 0.038922155688622756
1 0.31525000000000003 0.75187125748503 0.109 0.09805389221556887
0 0.52225 0.655314371257485 0.024 0.02544910179640719
0 0.57275 0.5849550898203593 0.023 0.02544910179640719
0 0.5992500000000001 0.4958832335329342 0.024 0.023952095808383235
0 0.65125 0.41205089820359286 0.024 0.03293413173652695
0 0.67375 0.4539670658682635 0.015 0.04191616766467066
