3 0.24375 0.7930389221556887 0.05 0.07185628742514971
3 0.343125 0.8574101796407186 0.04875 0.07634730538922156
3 0.5475 0.5179640718562875 0.036000000000000004 0.048652694610778445
3 0.59375 0.593562874251497 0.039 0.027694610778443117
3 0.415375 0.6457709580838323 0.03475 0.050523952095808386
3 0.517 0.32672155688622756 0.025 0.027694610778443117
3 0.665 0.3317739520958084 0.0185 0.07297904191616766
3 0.414375 0.5327470059880239 0.03025 0.025823353293413176
3 0.374125 0.592814371257485 0.01325 0.035928143712574856
3 0.318625 0.6231287425149701 0.021750000000000002 0.037425149700598806
3 0.7116250000000001 0.31137724550898205 0.02725 0.038922155688622756
3 0.196375 0.344685628742515 0.08375 0.09580838323353294
3 0.21925 0.2348428143712575 0.014 0.025823353293413176
3 0.2715 0.19666916167664672 0.025 0.034056886227544915
1 0.7795 0.4663173652694611 0.0615 0.08907185628742516
1 0.40325 0.8671407185628743 0.06 0.10778443113772455
