3 0.355125 0.8693862275449102 0.04875 0.045658682634730545
3 0.30725 0.5333083832335329 0.03 0.02095808383233533
3 0.57975 0.28555389221556887 0.023 0.037425149700598806
3 0.36525 0.4913922155688623 0.036000000000000004 0.05089820359281438
3 0.37725000000000003 0.5684880239520959 0.03 0.040419161676646706
3 0.43975000000000003 0.5400449101796407 0.021 0.037425149700598806
3 0.49225 0.5684880239520959 0.028 0.04341317365269461
3 0.53625 0.5048652694610779 0.074 0.08383233532934133
3 0.62075 0.38660179640718567 0.049 0.035928143712574856
3 0.63175 0.468188622754491 0.037 0.058383233532934134
3 0.57375 0.6201347305389222 0.041 0.059880239520958084
3 0.76775 0.7421407185628743 0.061 0.09730538922155689
3 0.62375 0.7331586826347306 0.07100000000000001 0.21107784431137727
3 0.68875 0.7062125748502994 0.075 0.21107784431137727
3 0.7957500000000001 0.5842065868263473 0.069 0.23952095808383234
