0 0.55875 0.9184131736526947 0.022 0.0344311377245509
0 0.7135 0.6218188622754491 0.024 0.04303892215568862
0 0.887625 0.1972305389221557 0.02025 0.037425149700598806
0 0.25725 0.563248502994012 0.026000000000000002 0.029940119760479042
0 0.32825 0.4786676646706587 0.032 0.028443113772455092
0 0.38775 0.7346556886227545 0.069 0.05239520958083833
0 0.35025 0.7713323353293413 0.016 0.029940119760479042
0 0.46975 0.5467814371257486 0.019 0.029940119760479042
0 0.41725 0.4824101796407186 0.018000000000000002 0.023952095808383235
0 0.39925 0.6642964071856288 0.022 0.031437125748503
0 0.52925 0.5707335329341318 0.074 0.10778443113772455
0 0.49775 0.7369011976047904 0.019 0.02694610778443114
0 0.54125 0.6672904191616766 0.014 0.02544910179640719
0 0.56125 0.41055389221556887 0.018000000000000002 0.02694610778443114
0 0.62975 0.38959580838323354 0.015 0.023952095808383235
0 0.7292500000000001 0.07073353293413175 0.02 0.017964071856287428
0 0.71175 0.10217065868263474 0.031 0.029940119760479042
1 0.6597500000000001 0.12537425149700598 0.039 0.04640718562874252
