0 0.236125 0.17421407185628743 0.04625 0.03181137724550898
0 0.37825000000000003 0.23390718562874252 0.022 0.038922155688622756
0 0.44825 0.27732035928143717 0.046 0.04790419161676647
0 0.44575000000000004 0.3199850299401198 0.049 0.04940119760479042
0 0.45375 0.37387724550898205 0.037 0.04341317365269461
0 0.69425 0.40456586826347307 0.09 0.08083832335329341
0 0.74425 0.37986526946107785 0.022 0.04640718562874252
0 0.76575 0.5333083832335329 0.083 0.08982035928143713
0 0.72575 0.658308383233533 0.045 0.06137724550898204
0 0.80475 0.628368263473054 0.059000000000000004 0.06736526946107785
