0 0.251125 0.4951347305389222 0.02025 0.037425149700598806
0 0.08325 0.6066616766467067 0.0345 0.04191616766467066
0 0.786625 0.3691991017964072 0.02225 0.04752994011976048
0 0.81625 0.564745508982036 0.08 0.035928143712574856
0 0.9077500000000001 0.045284431137724554 0.009000000000000001 0.02095808383233533
0 0.95525 0.1500748502994012 0.014 0.023952095808383235
0 0.34625 0.22193113772455092 0.016 0.017964071856287428
0 0.41025 0.24588323353293415 0.016 0.02694610778443114
0 0.45175 0.22193113772455092 0.017 0.04491017964071856
0 0.48625 0.23016467065868265 0.018000000000000002 0.016467065868263474
