0 0.430875 0.0971182634730539 0.01825 0.027320359281437126
0 0.591875 0.19797904191616766 0.01525 0.03293413173652695
0 0.5347500000000001 0.006549401197604791 0.016 0.013098802395209582
3 0.65925 0.5699850299401198 0.048 0.04940119760479042
3 0.59775 0.5460329341317366 0.067 0.055389221556886234
3 0.76525 0.3723802395209581 0.054 0.06437125748502995
3 0.40475 0.5288173652694611 0.029 0.035928143712574856
3 0.62525 0.27732035928143717 0.028 0.056886227544910184
3 0.56125 0.3888473053892216 0.08 0.14520958083832336
3 0.49425 0.3027694610778443 0.024 0.05389221556886228
3 0.48475 0.3880988023952096 0.051000000000000004 0.059880239520958084
3 0.50775 0.686751497005988 0.027 0.05239520958083833
3 0.52775 0.6059131736526946 0.037 0.09730538922155689
3 0.27175 0.6807634730538923 0.193 0.14221556886227546
3 0.35875 0.5737275449101796 0.029 0.03293413173652695
3 0.42925 0.593937125748503 0.036000000000000004 0.07035928143712575
3 0.48725 0.5460329341317366 0.028 0.04640718562874252
