3 0.323625 0.42683383233532934 0.05775 0.0782185628742515
3 0.067125 0.29341317365269465 0.02925 0.026197604790419163
3 0.33825 0.6002994011976048 0.0585 0.08607784431137724
3 0.48975 0.3065119760479042 0.107 0.17814371257485032
3 0.45575 0.45546407185628746 0.059000000000000004 0.07784431137724551
3 0.59775 0.48914670658682635 0.067 0.08233532934131738
3 0.6567500000000001 0.5452844311377246 0.049 0.08083832335329341
3 0.5417500000000001 0.6096556886227545 0.117 0.14970059880239522
3 0.46275 0.5385479041916168 0.033 0.06437125748502995
3 0.67925 0.6657934131736527 0.056 0.11826347305389222
3 0.77425 0.659056886227545 0.042 0.10179640718562875
3 0.75425 0.4883982035928144 0.048 0.05089820359281438
3 0.61775 0.31773952095808383 0.059000000000000004 0.10479041916167665
3 0.69675 0.4217814371257485 0.029 0.037425149700598806
