0 0.33475 0.4285179640718563 0.013000000000000001 0.02095808383233533
0 0.43675 0.3506736526946108 0.019 0.03293413173652695
0 0.44275000000000003 0.4913922155688623 0.013000000000000001 0.02095808383233533
0 0.5357500000000001 0.5145958083832336 0.059000000000000004 0.06437125748502995
0 0.59025 0.4779191616766467 0.016 0.017964071856287428
0 0.6042500000000001 0.468188622754491 0.01 0.016467065868263474
0 0.48075 0.4000748502994012 0.013000000000000001 0.014970059880239521
0 0.5407500000000001 0.3880988023952096 0.017 0.02095808383233533
0 0.52275 0.34618263473053895 0.013000000000000001 0.014970059880239521
0 0.55825 0.344685628742515 0.016 0.02095808383233533
0 0.5327500000000001 0.32447604790419166 0.019 0.019461077844311378
0 0.54325 0.2967814371257485 0.014 0.017964071856287428
0 0.54475 0.25860778443113774 0.017 0.02544910179640719
