0 0.440375 0.20434131736526948 0.05475 0.07784431137724551
0 0.52025 0.23540419161676648 0.024 0.03293413173652695
0 0.643375 0.40288173652694614 0.043250000000000004 0.06324850299401198
0 0.7265 0.5355538922155689 0.0425 0.07784431137724551
0 0.611625 0.5548278443113773 0.04125 0.05351796407185629
0 0.57125 0.65999251497006 0.0585 0.04453592814371258
0 0.104875 0.1474550898203593 0.05475 0.07634730538922156
0 0.0285 0.16635479041916168 0.025 0.027320359281437126
0 0.023625 0.27788173652694614 0.02325 0.02881736526946108
0 0.1645 0.0720434131736527 0.028 0.04603293413173653
