3 0.23775000000000002 0.5258233532934132 0.021 0.02694610778443114
3 0.26075 0.6231287425149701 0.039 0.05089820359281438
3 0.31575000000000003 0.593937125748503 0.023 0.040419161676646706
3 0.32425 0.6957335329341318 0.018000000000000002 0.02245508982035928
3 0.60075 0.6665419161676647 0.033 0.04790419161676647
3 0.65375 0.6029191616766467 0.021 0.02544910179640719
3 0.6637500000000001 0.6672904191616766 0.021 0.040419161676646706
1 0.7847500000000001 0.7720808383233534 0.053 0.055389221556886234
3 0.55625 0.6223802395209581 0.028 0.058383233532934134
3 0.44575000000000004 0.5602544910179641 0.053 0.0688622754491018
3 0.33275 0.27058383233532934 0.023 0.05239520958083833
3 0.33125 0.5437874251497007 0.022 0.04790419161676647
3 0.28225 0.5198353293413174 0.032 0.038922155688622756
3 0.32725 0.4622005988023952 0.024 0.04940119760479042
3 0.29925 0.43226047904191617 0.022 0.06736526946107785
3 0.24925 0.406062874251497 0.016 0.03293413173652695
3 0.27825 0.40531437125748504 0.01 0.028443113772455092
