0 0.25175000000000003 0.468188622754491 0.015 0.02245508982035928
0 0.26675 0.5018712574850299 0.017 0.02694610778443114
0 0.33425 0.5580089820359282 0.024 0.037425149700598806
0 0.45725 0.5460329341317366 0.02 0.02544910179640719
0 0.40675 0.4839071856287425 0.019 0.02694610778443114
0 0.46575 0.41279940119760483 0.023 0.040419161676646706
0 0.46175 0.23615269461077845 0.035 0.058383233532934134
0 0.40125 0.3821107784431138 0.022 0.035928143712574856
0 0.31075 0.4217814371257485 0.015 0.02544910179640719
0 0.30375 0.3596556886227545 0.017 0.035928143712574856
0 0.33275 0.343188622754491 0.027 0.04191616766467066
