3 0.09375 0.22193113772455092 0.0805 0.058383233532934134
3 0.018625 0.9011976047904192 0.03725 0.037425149700598806
3 0.20375000000000001 0.3027694610778443 0.041 0.056886227544910184
3 0.27325 0.25486526946107785 0.034 0.0688622754491018
3 0.32675 0.19573353293413176 0.033 0.1032934131736527
3 0.33125 0.3372005988023952 0.052000000000000005 0.07784431137724551
3 0.36425 0.28630239520958084 0.03 0.07185628742514971
3 0.38175000000000003 0.23465568862275452 0.053 0.09730538922155689
3 0.42475 0.3626497005988024 0.063 0.0658682634730539
3 0.35975 0.4479790419161677 0.019 0.062874251497006
3 0.33475 0.5557634730538923 0.035 0.08083832335329341
3 0.22825 0.4824101796407186 0.022 0.04191616766467066
3 0.69425 0.5707335329341318 0.036000000000000004 0.0658682634730539
3 0.7292500000000001 0.4921407185628743 0.036000000000000004 0.09431137724550899
3 0.46975 0.5849550898203593 0.029 0.04640718562874252
3 0.47525 0.41055389221556887 0.04 0.0658682634730539
3 0.43225 0.1440868263473054 0.022 0.04790419161676647
3 0.46625 0.156811377245509 0.024 0.09131736526946109
3 0.47675 0.2698353293413174 0.055 0.11377245508982037
3 0.51275 0.3349550898203593 0.029 0.10029940119760479
3 0.55875 0.2907934131736527 0.055 0.07185628742514971
3 0.57325 0.22043413173652696 0.026000000000000002 0.04191616766467066
3 0.60675 0.22791916167664672 0.025 0.04191616766467066
3 0.56125 0.36564371257485034 0.044 0.059880239520958084
3 0.59675 0.3536676646706587 0.017 0.04191616766467066
3 0.61875 0.37687125748503 0.019 0.040419161676646706
3 0.63775 0.3880988023952096 0.015 0.02694610778443114
3 0.65725 0.3806137724550898 0.02 0.04491017964071856
3 0.65625 0.3199850299401198 0.018000000000000002 0.04341317365269461
3 0.63875 0.2848053892215569 0.013000000000000001 0.05389221556886228
3 0.65725 0.21145209580838326 0.016 0.035928143712574856
3 0.69575 0.22417664670658685 0.017 0.040419161676646706
3 0.72375 0.30127245508982037 0.067 0.09580838323353294
3 0.68725 0.3671407185628743 0.022 0.02095808383233533
3 0.72875 0.38959580838323354 0.015 0.017964071856287428
