0 0.299 0.3295284431137725 0.0375 0.06324850299401198
0 0.375625 0.29004491017964074 0.05575 0.07634730538922156
0 0.514 0.23241017964071858 0.0155 0.03293413173652695
0 0.5317500000000001 0.4792290419161677 0.053 0.06324850299401198
0 0.6395000000000001 0.45340568862275454 0.0185 0.04303892215568862
0 0.692375 0.6678517964071856 0.029750000000000002 0.04603293413173653
0 0.587 0.7599176646706587 0.0385 0.06324850299401198
0 0.4425 0.7427020958083833 0.0375 0.04303892215568862
0 0.182375 0.7455089820359282 0.05575 0.07784431137724551
0 0.04625 0.5699850299401198 0.0625 0.07485029940119761
0 0.16075 0.6031062874251497 0.051000000000000004 0.04603293413173653
