0 0.24525 0.6094685628742516 0.0335 0.04453592814371258
0 0.327875 0.6521332335329342 0.029750000000000002 0.04303892215568862
0 0.242 0.6613023952095809 0.0135 0.0157185628742515
0 0.461625 0.562687125748503 0.043250000000000004 0.06923652694610778
0 0.610125 0.657747005988024 0.03275 0.04004491017964072
0 0.512125 0.7032185628742516 0.04825 0.07634730538922156
0 0.492875 0.5462200598802396 0.02125 0.05351796407185629
0 0.303375 0.7763847305389222 0.01925 0.027320359281437126
0 0.799125 0.7348428143712575 0.02775 0.04154191616766467
0 0.569875 0.8514221556886228 0.03075 0.03293413173652695
