3 0.09625 0.343937125748503 0.044 0.09730538922155689
3 0.11825000000000001 0.20845808383233536 0.03 0.029940119760479042
3 0.14575 0.24438622754491018 0.035 0.03293413173652695
3 0.35425 0.6710329341317366 0.022 0.04191616766467066
3 0.66025 0.4981287425149701 0.032 0.0344311377245509
3 0.58175 0.4854041916167665 0.057 0.04790419161676647
3 0.59325 0.39333832335329344 0.032 0.055389221556886234
3 0.56825 0.5445359281437127 0.03 0.04940119760479042
3 0.39925 0.6133982035928144 0.024 0.040419161676646706
3 0.42025 0.5505239520958084 0.042 0.05239520958083833
3 0.69425 0.4135479041916168 0.024 0.029940119760479042
3 0.7352500000000001 0.46145209580838326 0.036000000000000004 0.03293413173652695
3 0.74325 0.35441616766467066 0.034 0.07035928143712575
3 0.7827500000000001 0.23764970059880242 0.033 0.040419161676646706
