0 0.449125 0.3671407185628743 0.03175 0.037425149700598806
0 0.586125 0.5469685628742516 0.01925 0.019835329341317365
0 0.19425 0.02151946107784431 0.026000000000000002 0.025823353293413176
0 0.60675 0.36564371257485034 0.015 0.02694610778443114
0 0.57125 0.28405688622754494 0.02 0.016467065868263474
0 0.6022500000000001 0.2848053892215569 0.014 0.014970059880239521
0 0.61975 0.3005239520958084 0.021 0.01347305389221557
0 0.60925 0.4135479041916168 0.014 0.02095808383233533
0 0.63725 0.3783682634730539 0.022 0.040419161676646706
0 0.62725 0.438997005988024 0.03 0.05089820359281438
0 0.65425 0.3289670658682635 0.018000000000000002 0.016467065868263474
0 0.7877500000000001 0.6523203592814372 0.065 0.037425149700598806
0 0.71075 0.6627994011976048 0.029 0.040419161676646706
0 0.82025 0.7735778443113773 0.014 0.031437125748503
0 0.76325 0.7151946107784432 0.018000000000000002 0.028443113772455092
0 0.90725 0.7713323353293413 0.026000000000000002 0.04191616766467066
0 0.93675 0.7039670658682635 0.015 0.035928143712574856
0 0.8582500000000001 0.6410928143712575 0.044 0.035928143712574856
0 0.91525 0.623877245508982 0.042 0.01347305389221557
0 0.96325 0.6216317365269461 0.048 0.05089820359281438
