0 0.513 0.27994011976047906 0.023 0.027694610778443117
0 0.526625 0.564932634730539 0.04425 0.050523952095808386
0 0.367375 0.44180389221556887 0.01825 0.02881736526946108
0 0.277 0.5052395209580839 0.02 0.031437125748503
0 0.224125 0.47062125748503 0.01825 0.025823353293413176
0 0.30825 0.6390344311377246 0.023 0.03181137724550898
0 0.32375 0.06923652694610778 0.019 0.029940119760479042
0 0.37075 0.09618263473053892 0.043000000000000003 0.035928143712574856
0 0.39225 0.052020958083832336 0.018000000000000002 0.02544910179640719
0 0.35275 0.01815119760479042 0.011 0.03630239520958084
0 0.31175 0.12088323353293413 0.015 0.02544910179640719
0 0.22125 0.08645209580838324 0.016 0.016467065868263474
