3 0.197125 0.8280314371257486 0.19975 0.343188622754491
3 0.317125 0.3237275449101797 0.05325 0.037425149700598806
3 0.398625 0.32447604790419166 0.15975 0.13997005988023953
3 0.5345 0.27395209580838326 0.014 0.019461077844311378
3 0.50675 0.5377994011976048 0.055 0.0688622754491018
3 0.5417500000000001 0.596931137724551 0.027 0.028443113772455092
3 0.60475 0.5684880239520959 0.061 0.09431137724550899
3 0.70175 0.5580089820359282 0.041 0.055389221556886234
3 0.71825 0.6059131736526946 0.028 0.028443113772455092
3 0.77675 0.565494011976048 0.025 0.028443113772455092
