0 0.22025 0.05389221556886228 0.03 0.04191616766467066
0 0.461125 0.05613772455089821 0.02675 0.048652694610778445
0 0.109625 0.25823353293413176 0.00675 0.0157185628742515
0 0.27825 0.5527694610778443 0.052000000000000005 0.08083832335329341
0 0.27375 0.62687125748503 0.023 0.02245508982035928
0 0.18525 0.6657934131736527 0.022 0.02544910179640719
0 0.14025 0.5857035928143713 0.014 0.014970059880239521
0 0.12325 0.5445359281437127 0.024 0.02245508982035928
0 0.09325 0.48690119760479045 0.024 0.029940119760479042
0 0.16075 0.5385479041916168 0.013000000000000001 0.016467065868263474
0 0.34375 0.626122754491018 0.027 0.05389221556886228
0 0.37225 0.5842065868263473 0.026000000000000002 0.035928143712574856
0 0.5417500000000001 0.7092065868263473 0.019 0.031437125748503
0 0.70475 0.4876497005988024 0.031 0.04940119760479042
0 0.7192500000000001 0.4442365269461078 0.022 0.02544910179640719
