3 0.026875 0.1755239520958084 0.05325 0.047155688622754495
3 0.06325 0.0720434131736527 0.0545 0.052020958083832336
3 0.136625 0.08027694610778444 0.051250000000000004 0.08794910179640719
0 0.04125 0.5063622754491018 0.018000000000000002 0.023952095808383235
3 0.13475 0.45321856287425155 0.033 0.06137724550898204
3 0.19775 0.561751497005988 0.075 0.07185628742514971
3 0.28875 0.5752245508982037 0.029 0.04491017964071856
3 0.33675 0.6605538922155689 0.029 0.029940119760479042
3 0.39375 0.5984281437125749 0.031 0.055389221556886234
3 0.45625 0.627619760479042 0.03 0.05389221556886228
3 0.5337500000000001 0.7159431137724551 0.031 0.059880239520958084
3 0.58125 0.7234281437125749 0.018000000000000002 0.04790419161676647
3 0.56075 0.7675898203592815 0.031 0.04640718562874252
3 0.62775 0.6845059880239521 0.037 0.10479041916167665
3 0.61075 0.7720808383233534 0.019 0.0344311377245509
3 0.64925 0.7571107784431138 0.014 0.031437125748503
3 0.67025 0.6957335329341318 0.026000000000000002 0.1032934131736527
3 0.20225 0.41803892215568866 0.04 0.04191616766467066
3 0.26575 0.3828592814371258 0.045 0.17814371257485032
3 0.32075 0.4285179640718563 0.053 0.08982035928143713
3 0.36775 0.45546407185628746 0.027 0.03293413173652695
3 0.41625 0.4547155688622755 0.04 0.055389221556886234
3 0.47875 0.5048652694610779 0.023 0.03293413173652695
3 0.51425 0.45770958083832336 0.032 0.055389221556886234
3 0.5397500000000001 0.5415419161676647 0.023 0.040419161676646706
3 0.63025 0.5864520958083833 0.048 0.06137724550898204
3 0.67875 0.5722305389221557 0.023 0.04191616766467066
