0 0.1155 0.7702095808383234 0.047 0.09206586826347306
0 0.24675 0.596931137724551 0.037 0.037425149700598806
0 0.46025 0.5198353293413174 0.026000000000000002 0.029940119760479042
0 0.35425 0.8701347305389222 0.016 0.017964071856287428
0 0.39675 0.8446856287425151 0.011 0.017964071856287428
0 0.63825 0.5999251497005988 0.02 0.04940119760479042
0 0.7222500000000001 0.38660179640718567 0.024 0.035928143712574856
0 0.41775 0.1785179640718563 0.145 0.07784431137724551
0 0.37425 0.2713323353293413 0.022 0.056886227544910184
0 0.49075 0.4330089820359282 0.027 0.035928143712574856
0 0.5377500000000001 0.5280688622754491 0.017 0.031437125748503
0 0.51075 0.5377994011976048 0.031 0.04191616766467066
0 0.57825 0.4472305389221557 0.046 0.055389221556886234
0 0.5962500000000001 0.34992514970059885 0.03 0.058383233532934134
0 0.67725 0.4135479041916168 0.016 0.02095808383233533
0 0.70025 0.22342814371257486 0.044 0.07185628742514971
