3 0.392625 0.375 0.06725 0.0845808383233533
3 0.318625 0.594498502994012 0.02825 0.019835329341317365
3 0.45675 0.5888847305389222 0.026000000000000002 0.031062874251497008
3 0.617125 0.6465194610778443 0.02725 0.025823353293413176
3 0.47025 0.2853667664670659 0.0185 0.025823353293413176
3 0.624625 0.4861526946107785 0.035750000000000004 0.027694610778443117
3 0.67625 0.49607035928143717 0.026000000000000002 0.02133233532934132
3 0.22725 0.531811377245509 0.068 0.056886227544910184
3 0.26125 0.6014221556886228 0.046 0.05239520958083833
3 0.7292500000000001 0.5220808383233533 0.026000000000000002 0.02544910179640719
3 0.78025 0.4509730538922156 0.024 0.023952095808383235
3 0.79725 0.5512724550898204 0.032 0.04491017964071856
