3 0.14475 0.6075973053892216 0.0175 0.03929640718562875
3 0.170375 0.6336077844311377 0.02275 0.029191616766467067
3 0.216 0.6644835329341318 0.0665 0.13360778443113774
3 0.50225 0.594685628742515 0.03 0.07485029940119761
3 0.55075 0.6029191616766467 0.039 0.07335329341317366
3 0.55175 0.5467814371257486 0.023 0.03293413173652695
3 0.58625 0.6725299401197605 0.022 0.05389221556886228
3 0.62425 0.7578592814371258 0.022 0.04491017964071856
3 0.6062500000000001 0.7960329341317366 0.034 0.0344311377245509
3 0.58975 0.5729790419161677 0.017 0.016467065868263474
3 0.62025 0.6066616766467067 0.05 0.035928143712574856
3 0.74975 0.6538173652694611 0.183 0.06736526946107785
3 0.6657500000000001 0.7788173652694611 0.015 0.035928143712574856
