0 0.551125 0.2136976047904192 0.029750000000000002 0.038922155688622756
0 0.241875 0.6390344311377246 0.05375 0.049026946107784436
0 0.307375 0.659244011976048 0.03275 0.049026946107784436
0 0.276125 0.7960329341317366 0.029750000000000002 0.04341317365269461
0 0.123125 0.6931137724550899 0.02025 0.021706586826347306
0 0.27075 0.75 0.0175 0.01721556886227545
1 0.13425 0.6478293413173654 0.04 0.037425149700598806
0 0.62975 0.5819610778443114 0.083 0.12125748502994013
0 0.69225 0.5557634730538923 0.022 0.04191616766467066
1 0.6012500000000001 0.7249251497005988 0.054 0.11077844311377247
