1 0.217875 0.7254865269461078 0.051750000000000004 0.052020958083832336
0 0.542375 0.3218562874251497 0.01625 0.018712574850299403
0 0.21175 0.5063622754491018 0.027 0.029940119760479042
0 0.19225 0.5864520958083833 0.026000000000000002 0.040419161676646706
0 0.21825 0.659805389221557 0.016 0.016467065868263474
0 0.35725 0.5677395209580839 0.022 0.023952095808383235
0 0.31125 0.3940868263473054 0.03 0.04191616766467066
0 0.42075 0.5220808383233533 0.009000000000000001 0.01347305389221557
0 0.40025 0.4644461077844312 0.018000000000000002 0.023952095808383235
0 0.36975 0.4719311377245509 0.011 0.014970059880239521
0 0.40225 0.40232035928143717 0.018000000000000002 0.019461077844311378
0 0.41725 0.3731287425149701 0.008 0.02095808383233533
