3 0.248 0.14296407185628743 0.1675 0.15793413173652696
3 0.1445 0.04659431137724551 0.031 0.09318862275449102
3 0.61625 0.3125 0.038 0.13922155688622756
3 0.66225 0.374625748502994 0.034 0.04191616766467066
3 0.57525 0.3783682634730539 0.044 0.07634730538922156
3 0.39775 0.438997005988024 0.031 0.05089820359281438
3 0.43475 0.345434131736527 0.027 0.0344311377245509
3 0.36175 0.39333832335329344 0.029 0.02544910179640719
3 0.34075 0.4764221556886228 0.027 0.02694610778443114
3 0.49325 0.4412425149700599 0.088 0.08233532934131738
3 0.39725 0.5250748502994013 0.132 0.06736526946107785
3 0.62225 0.5078592814371258 0.106 0.08682634730538923
3 0.65025 0.5677395209580839 0.03 0.059880239520958084
3 0.52925 0.5752245508982037 0.026000000000000002 0.04790419161676647
