3 0.242625 0.4326347305389222 0.03675 0.050149700598802395
3 0.1595 0.6538173652694611 0.0185 0.027694610778443117
3 0.393125 0.7393338323353293 0.02275 0.035553892215568865
3 0.264375 0.5058008982035929 0.02375 0.031062874251497008
3 0.352875 0.4627619760479042 0.01625 0.022829341317365272
3 0.37625000000000003 0.4782934131736527 0.0175 0.017964071856287428
3 0.41375 0.5587574850299402 0.012 0.019461077844311378
3 0.496375 0.5823353293413174 0.01625 0.02470059880239521
3 0.48275 0.6214446107784432 0.013000000000000001 0.024326347305389222
3 0.548125 0.6343562874251497 0.01525 0.02470059880239521
