0 0.482375 0.17758233532934134 0.01925 0.027320359281437126
0 0.6587500000000001 0.313622754491018 0.0415 0.05464071856287425
0 0.569375 0.6642964071856288 0.02025 0.0157185628742515
0 0.26725 0.5138473053892216 0.022 0.023952095808383235
0 0.21975 0.6508233532934132 0.033 0.04341317365269461
0 0.18375 0.6448353293413174 0.035 0.07035928143712575
0 0.26875 0.7997754491017964 0.015 0.02095808383233533
0 0.33725 0.7398952095808383 0.024 0.029940119760479042
0 0.23275 0.5737275449101796 0.023 0.029940119760479042
1 0.23925000000000002 0.7331586826347306 0.07200000000000001 0.09431137724550899
0 0.20925 0.5385479041916168 0.026000000000000002 0.028443113772455092
