3 0.37575000000000003 0.3983907185628743 0.0575 0.07672155688622755
3 0.459 0.10460329341317366 0.037 0.04229041916167665
3 0.520875 0.40886976047904194 0.03675 0.052020958083832336
3 0.349125 0.5278817365269461 0.021750000000000002 0.061751497005988025
3 0.504 0.5677395209580839 0.038 0.05389221556886228
3 0.7025 0.313061377245509 0.05 0.049026946107784436
3 0.76 0.34805389221556887 0.0455 0.06661676646706587
3 0.724125 0.4260853293413174 0.06325 0.024326347305389222
3 0.38875 0.5752245508982037 0.031 0.04491017964071856
3 0.43975000000000003 0.43974550898203596 0.033 0.06736526946107785
