3 0.474625 0.8270958083832336 0.04025 0.045658682634730545
3 0.681625 0.05164670658682635 0.06475 0.1032934131736527
3 0.36825 0.4951347305389222 0.05 0.06437125748502995
3 0.35825 0.3783682634730539 0.042 0.040419161676646706
3 0.41925 0.4195359281437126 0.048 0.05389221556886228
3 0.55125 0.2593562874251497 0.038 0.038922155688622756
3 0.20225 0.4629491017964072 0.03 0.05089820359281438
3 0.18775 0.5475299401197605 0.029 0.028443113772455092
3 0.27375 0.41279940119760483 0.037 0.0344311377245509
3 0.20925 0.5984281437125749 0.02 0.02245508982035928
