0 0.023625 0.07185628742514971 0.02675 0.040419161676646706
0 0.09325 0.13604041916167667 0.026000000000000002 0.04453592814371258
3 0.05025 0.6747754491017964 0.032 0.08233532934131738
3 0.08825 0.6777694610778443 0.026000000000000002 0.05239520958083833
0 0.35975 0.5602544910179641 0.017 0.02694610778443114
0 0.26625 0.3379491017964072 0.02 0.0344311377245509
0 0.34375 0.29378742514970063 0.021 0.029940119760479042
0 0.02425 0.2967814371257485 0.048 0.0658682634730539
0 0.54825 0.250374251497006 0.022 0.04491017964071856
0 0.43425 0.5954341317365269 0.046 0.08832335329341318
0 0.41875 0.8910928143712575 0.027 0.04491017964071856
0 0.62375 0.8050149700598803 0.063 0.09131736526946109
0 0.69025 0.9113023952095809 0.016 0.028443113772455092
0 0.80325 0.6380988023952097 0.07200000000000001 0.0688622754491018
0 0.64625 0.748877245508982 0.03 0.04491017964071856
0 0.58925 0.719685628742515 0.024 0.058383233532934134
0 0.6657500000000001 0.6148952095808383 0.033 0.05239520958083833
0 0.71875 0.5265718562874252 0.037 0.055389221556886234
0 0.82825 0.1785179640718563 0.026000000000000002 0.038922155688622756
0 0.48975 0.19273952095808383 0.013000000000000001 0.01347305389221557
