0 0.074625 0.14820359281437126 0.01725 0.031437125748503
0 0.45075 0.07896706586826348 0.021 0.02544910179640719
0 0.40075 0.1942365269461078 0.029 0.031437125748503
0 0.35775 0.22043413173652696 0.017 0.029940119760479042
0 0.40175 0.29902694610778446 0.037 0.07035928143712575
0 0.46375 0.36564371257485034 0.037 0.08982035928143713
0 0.56925 0.3633982035928144 0.018000000000000002 0.02544910179640719
0 0.51925 0.22717065868263475 0.018000000000000002 0.02245508982035928
0 0.48125 0.23241017964071858 0.024 0.029940119760479042
0 0.44225000000000003 0.23241017964071858 0.022 0.029940119760479042
0 0.45275 0.20621257485029942 0.009000000000000001 0.01347305389221557
