3 0.40725 0.5145958083832336 0.042 0.055389221556886234
3 0.36375 0.503368263473054 0.049 0.062874251497006
3 0.38325000000000004 0.596931137724551 0.028 0.0344311377245509
3 0.47125 0.5587574850299402 0.016 0.04191616766467066
3 0.55875 0.3476796407185629 0.031 0.056886227544910184
3 0.51975 0.4487275449101797 0.017 0.04640718562874252
3 0.43475 0.46145209580838326 0.013000000000000001 0.04191616766467066
3 0.61475 0.6074101796407186 0.027 0.0344311377245509
3 0.60675 0.5258233532934132 0.019 0.03293413173652695
3 0.50775 0.5752245508982037 0.023 0.02694610778443114
3 0.56025 0.6493263473053893 0.02 0.031437125748503
