3 0.7731250000000001 0.37743263473053895 0.04575 0.10741017964071857
3 0.75575 0.5548278443113773 0.043500000000000004 0.10741017964071857
3 0.5347500000000001 0.6351047904191617 0.051000000000000004 0.11077844311377247
3 0.58575 0.2945359281437126 0.099 0.11826347305389222
3 0.46525 0.41130239520958084 0.038 0.04940119760479042
3 0.42775 0.43226047904191617 0.017 0.031437125748503
3 0.26025 0.3102544910179641 0.03 0.05389221556886228
3 0.30475 0.28929640718562877 0.027 0.059880239520958084
3 0.41425 0.29004491017964074 0.022 0.05239520958083833
3 0.35525 0.2166916167664671 0.036000000000000004 0.037425149700598806
3 0.55725 0.1785179640718563 0.024 0.04491017964071856
3 0.18825 0.4659431137724551 0.022 0.035928143712574856
3 0.21275 0.5145958083832336 0.019 0.016467065868263474
3 0.17175 0.5527694610778443 0.035 0.04491017964071856
3 0.267 0.7619760479041917 0.2805 0.47529940119760483
3 0.45325 0.5901946107784432 0.026000000000000002 0.023952095808383235
