0 0.97075 0.4195359281437126 0.0155 0.021706586826347306
0 0.9616250000000001 0.5389221556886228 0.01425 0.018712574850299403
0 0.25175000000000003 0.4487275449101797 0.033 0.028443113772455092
0 0.32775 0.5460329341317366 0.025 0.028443113772455092
0 0.31075 0.8169910179640719 0.027 0.058383233532934134
0 0.45175 0.6366017964071856 0.029 0.038922155688622756
0 0.49875 0.7608532934131736 0.021 0.03293413173652695
0 0.74375 0.8065119760479043 0.025 0.031437125748503
0 0.83625 0.8476796407185629 0.022 0.0688622754491018
0 0.83025 0.7413922155688624 0.014 0.02095808383233533
0 0.73825 0.6815119760479043 0.012 0.011976047904191617
0 0.7312500000000001 0.6500748502994013 0.026000000000000002 0.04491017964071856
0 0.78025 0.4921407185628743 0.032 0.04341317365269461
0 0.7877500000000001 0.4157934131736527 0.037 0.04940119760479042
0 0.60275 0.41429640718562877 0.019 0.031437125748503
0 0.6062500000000001 0.3357035928143713 0.034 0.04491017964071856
0 0.58475 0.3162425149700599 0.021 0.023952095808383235
0 0.55725 0.22492514970059882 0.024 0.04191616766467066
