1 0.50025 0.5954341317365269 0.222 0.27994011976047906
0 0.61425 0.49064371257485034 0.04 0.09431137724550899
3 0.6647500000000001 0.6455838323353293 0.073 0.11077844311377247
0 0.42875 0.3626497005988024 0.115 0.125748502994012
3 0.47175 0.24064371257485032 0.047 0.06736526946107785
0 0.41625 0.24812874251497008 0.036000000000000004 0.04341317365269461
0 0.31475000000000003 0.2713323353293413 0.037 0.05389221556886228
0 0.20025 0.2668413173652695 0.042 0.04491017964071856
0 0.38375000000000004 0.627619760479042 0.029 0.05389221556886228
0 0.39125 0.8446856287425151 0.026000000000000002 0.038922155688622756
0 0.77975 0.7107035928143713 0.015 0.02544910179640719
0 0.74325 0.6193862275449102 0.084 0.13622754491017966
0 0.64825 0.5460329341317366 0.01 0.01347305389221557
0 0.67375 0.5228293413173652 0.053 0.056886227544910184
0 0.7212500000000001 0.46893712574850305 0.024 0.029940119760479042
