0 0.73275 0.4741766467065869 0.027 0.055389221556886234
0 0.71875 0.5220808383233533 0.029 0.031437125748503
0 0.77775 0.530314371257485 0.063 0.017964071856287428
0 0.74275 0.5475299401197605 0.019 0.01347305389221557
0 0.74725 0.5759730538922156 0.014 0.01347305389221557
1 0.72975 0.8222305389221557 0.089 0.10179640718562875
0 0.77825 0.5639970059880239 0.016 0.010479041916167666
0 0.71725 0.24812874251497008 0.02 0.019461077844311378
0 0.57275 0.34618263473053895 0.017 0.03293413173652695
0 0.57175 0.5422904191616766 0.015 0.02095808383233533
0 0.62575 0.5452844311377246 0.015 0.038922155688622756
0 0.67375 0.5520209580838323 0.013000000000000001 0.02245508982035928
0 0.66125 0.5363023952095809 0.016 0.02095808383233533
0 0.35325 0.14558383233532934 0.016 0.023952095808383235
0 0.17025 0.39258982035928147 0.014 0.03293413173652695
0 0.12675 0.49288922155688625 0.025 0.023952095808383235
0 0.12175 0.32297904191616766 0.019 0.02544910179640719
0 0.035250000000000004 0.23465568862275452 0.018000000000000002 0.02544910179640719
0 0.18875 0.28405688622754494 0.013000000000000001 0.016467065868263474
0 0.19175 0.2473802395209581 0.019 0.03293413173652695
0 0.18275 0.20247005988023953 0.023 0.02694610778443114
0 0.26175 0.11489520958083833 0.041 0.037425149700598806
0 0.30925 0.08495508982035929 0.02 0.055389221556886234
0 0.55175 0.14782934131736528 0.015 0.02544910179640719
0 0.56575 0.10666167664670659 0.011 0.02095808383233533
0 0.53125 0.06474550898203593 0.012 0.02095808383233533
0 0.43175 0.01908682634730539 0.021 0.02544910179640719
0 0.41275 0.0969311377245509 0.019 0.019461077844311378
