3 0.174125 0.5361152694610779 0.03475 0.12537425149700598
3 0.28225 0.5735404191616766 0.075 0.05351796407185629
3 0.40725 0.6197604790419162 0.012 0.019461077844311378
3 0.35975 0.45770958083832336 0.043000000000000003 0.05239520958083833
3 0.40375 0.4285179640718563 0.033 0.038922155688622756
3 0.47225 0.4472305389221557 0.06 0.0344311377245509
3 0.51225 0.4764221556886228 0.042 0.04790419161676647
3 0.55775 0.4487275449101797 0.031 0.05239520958083833
3 0.62475 0.499625748502994 0.013000000000000001 0.019461077844311378
3 0.68425 0.4936377245508982 0.038 0.04940119760479042
