1 0.34775 0.2885479041916168 0.025 0.037425149700598806
1 0.38575 0.34842814371257486 0.031 0.04940119760479042
1 0.40075 0.48315868263473055 0.019 0.02544910179640719
1 0.46975 0.500374251497006 0.035 0.08383233532934133
1 0.51375 0.41803892215568866 0.013000000000000001 0.011976047904191617
1 0.56425 0.3289670658682635 0.022 0.0344311377245509
1 0.5427500000000001 0.27806886227544914 0.011 0.02245508982035928
1 0.6657500000000001 0.2556137724550898 0.011 0.016467065868263474
1 0.70275 0.29902694610778446 0.027 0.02544910179640719
1 0.76475 0.30576347305389223 0.029 0.023952095808383235
1 0.77725 0.35217065868263475 0.034 0.04191616766467066
1 0.93825 0.625374251497006 0.088 0.11826347305389222
