3 0.535 0.21388473053892218 0.0415 0.06699101796407186
3 0.595875 0.2636601796407186 0.01325 0.04229041916167665
3 0.6855 0.34000748502994016 0.012 0.045284431137724554
3 0.63175 0.4563997005988024 0.013000000000000001 0.024326347305389222
3 0.35625 0.47754491017964074 0.014 0.027694610778443117
3 0.356125 0.26852544910179643 0.03375 0.03255988023952096
3 0.354625 0.21875 0.010750000000000001 0.017589820359281437
3 0.397 0.21875 0.013000000000000001 0.017589820359281437
3 0.03125 0.6914296407185629 0.0205 0.029565868263473054
3 0.948375 0.8078218562874252 0.10275000000000001 0.2848053892215569
3 0.8921250000000001 0.6092814371257486 0.03375 0.047155688622754495
3 0.871375 0.15868263473053892 0.11625 0.09281437125748504
3 0.9265 0.014595808383233533 0.0415 0.029191616766467067
3 0.482875 0.6491392215568863 0.03275 0.03929640718562875
3 0.09375 0.659618263473054 0.024 0.0407934131736527
0 0.50025 0.7256736526946108 0.012 0.02245508982035928
