1 0.04175 0.7009730538922156 0.017 0.05389221556886228
1 0.058750000000000004 0.596931137724551 0.029 0.04341317365269461
3 0.47575 0.5467814371257486 0.057 0.05089820359281438
3 0.55025 0.623877245508982 0.074 0.10029940119760479
3 0.50125 0.7571107784431138 0.036000000000000004 0.06736526946107785
1 0.30875 0.781811377245509 0.105 0.07784431137724551
3 0.6002500000000001 0.3005239520958084 0.048 0.06137724550898204
3 0.70925 0.3858532934131737 0.054 0.06137724550898204
3 0.7202500000000001 0.5116017964071856 0.06 0.06736526946107785
3 0.74375 0.6156437125748503 0.037 0.056886227544910184
3 0.57475 0.45546407185628746 0.179 0.16467065868263475
