3 0.34475 0.688997005988024 0.069 0.1317365269461078
3 0.29025 0.6755239520958084 0.026000000000000002 0.03293413173652695
3 0.32525 0.4839071856287425 0.016 0.029940119760479042
3 0.46475 0.3162425149700599 0.065 0.11976047904191617
3 0.5942500000000001 0.4839071856287425 0.064 0.125748502994012
3 0.60275 0.345434131736527 0.043000000000000003 0.058383233532934134
3 0.64675 0.3880988023952096 0.049 0.056886227544910184
3 0.86675 0.6051646706586826 0.083 0.09281437125748504
3 0.7907500000000001 0.6014221556886228 0.021 0.02245508982035928
3 0.80275 0.6830089820359282 0.123 0.09281437125748504
3 0.71325 0.6298652694610779 0.032 0.04640718562874252
3 0.70575 0.7054640718562875 0.033 0.0688622754491018
3 0.46225 0.6538173652694611 0.026000000000000002 0.04640718562874252
3 0.44375000000000003 0.6800149700598803 0.023 0.04491017964071856
3 0.41225 0.7339071856287426 0.052000000000000005 0.1347305389221557
3 0.51875 0.7413922155688624 0.069 0.17065868263473055
3 0.57925 0.690494011976048 0.05 0.09580838323353294
3 0.63325 0.6822604790419162 0.06 0.09730538922155689
3 0.65575 0.7877994011976048 0.023 0.03293413173652695
3 0.37675000000000003 0.4584580838323354 0.017 0.029940119760479042
