0 0.964 0.3282185628742515 0.0405 0.07185628742514971
0 0.598125 0.6929266467065869 0.01625 0.027320359281437126
0 0.7625000000000001 0.03162425149700599 0.0625 0.060254491017964075
0 0.33125 0.23615269461077845 0.034 0.037425149700598806
0 0.30575 0.25112275449101795 0.021 0.037425149700598806
0 0.05825 0.3349550898203593 0.022 0.02245508982035928
0 0.20875 0.2848053892215569 0.015 0.023952095808383235
0 0.36875 0.2758233532934132 0.023 0.03293413173652695
0 0.37975000000000003 0.34019461077844315 0.017 0.029940119760479042
0 0.42075 0.24288922155688625 0.021 0.03293413173652695
0 0.44325000000000003 0.20920658682634732 0.042 0.0344311377245509
0 0.46675 0.2601047904191617 0.031 0.037425149700598806
