3 0.3165 0.7084580838323353 0.0675 0.06362275449101797
3 0.414375 0.6148952095808383 0.08025 0.09431137724550899
3 0.62575 0.6206961077844312 0.0685 0.10591317365269462
3 0.603 0.751684131736527 0.038 0.061751497005988025
3 0.5465 0.6620508982035929 0.0315 0.038922155688622756
3 0.8725 0.5611901197604791 0.0315 0.025823353293413176
3 0.823125 0.596182634730539 0.02825 0.04416167664670659
3 0.76 0.5449101796407186 0.037 0.029191616766467067
3 0.702375 0.5890718562874252 0.01725 0.019461077844311378
3 0.7681250000000001 0.5954341317365269 0.01625 0.019461077844311378
3 0.226875 0.566055389221557 0.04025 0.052020958083832336
3 0.095875 0.6498877245508983 0.03675 0.031062874251497008
3 0.18937500000000002 0.46126497005988026 0.02825 0.024326347305389222
3 0.19575 0.3708832335329342 0.097 0.06137724550898204
