3 0.11275 0.9176646706586827 0.0795 0.09431137724550899
3 0.14525 0.4779191616766467 0.03 0.04790419161676647
3 0.11975000000000001 0.6657934131736527 0.027 0.04341317365269461
3 0.17775 0.6029191616766467 0.031 0.02245508982035928
3 0.23075 0.5490269461077845 0.035 0.040419161676646706
3 0.28225 0.5520209580838323 0.034 0.07335329341317366
3 0.33625 0.5714820359281437 0.034 0.040419161676646706
3 0.32975 0.44573353293413176 0.093 0.08532934131736528
3 0.33775 0.5123502994011976 0.027 0.02694610778443114
3 0.32225 0.3042664670658683 0.026000000000000002 0.05089820359281438
3 0.55775 0.4285179640718563 0.10300000000000001 0.08982035928143713
3 0.44025000000000003 0.4502245508982036 0.056 0.04341317365269461
3 0.40125 0.5101047904191617 0.028 0.0344311377245509
3 0.64125 0.531062874251497 0.04 0.05239520958083833
3 0.53125 0.5108532934131736 0.036000000000000004 0.059880239520958084
3 0.65725 0.4569610778443114 0.08 0.05089820359281438
3 0.74425 0.4666916167664671 0.07 0.07934131736526946
1 0.80925 0.5580089820359282 0.044 0.058383233532934134
