3 0.577875 0.41654191616766467 0.02925 0.045658682634730545
3 0.55025 0.3789296407185629 0.011 0.016092814371257487
3 0.51625 0.5535179640718563 0.028 0.04640718562874252
3 0.5367500000000001 0.6328592814371258 0.075 0.09730538922155689
3 0.54325 0.7436377245508983 0.04 0.07335329341317366
3 0.46425 0.8169910179640719 0.056 0.08532934131736528
3 0.5962500000000001 0.8499251497005988 0.046 0.07035928143712575
3 0.6042500000000001 0.6994760479041917 0.042 0.05089820359281438
3 0.61625 0.6500748502994013 0.026000000000000002 0.029940119760479042
3 0.64775 0.813997005988024 0.059000000000000004 0.11227544910179642
3 0.68375 0.7458832335329342 0.065 0.08083832335329341
3 0.68475 0.6732784431137725 0.101 0.07335329341317366
3 0.70475 0.6178892215568863 0.057 0.028443113772455092
3 0.61975 0.5737275449101796 0.035 0.029940119760479042
