0 0.609625 0.2971556886227545 0.03175 0.050149700598802395
0 0.41725 0.15232035928143714 0.018000000000000002 0.031437125748503
1 0.40075 0.1845059880239521 0.013000000000000001 0.02095808383233533
1 0.35625 0.13809880239520958 0.024 0.03293413173652695
1 0.34175 0.19573353293413176 0.035 0.037425149700598806
1 0.26575 0.22941616766467068 0.041 0.07485029940119761
1 0.23125 0.2533682634730539 0.016 0.023952095808383235
1 0.23175 0.34244011976047906 0.017 0.02544910179640719
1 0.21175 0.33420658682634735 0.017 0.029940119760479042
1 0.15775 0.3708832335329342 0.077 0.13622754491017966
1 0.10125 0.4659431137724551 0.02 0.03293413173652695
1 0.08225 0.5677395209580839 0.016 0.017964071856287428
