0 0.5553750000000001 0.6324850299401198 0.03675 0.0531437125748503
0 0.527 0.843562874251497 0.055 0.05464071856287425
0 0.35725 0.26122754491017963 0.021 0.0531437125748503
0 0.29675 0.43394461077844315 0.0155 0.016092814371257487
1 0.83375 0.563248502994012 0.013000000000000001 0.02095808383233533
1 0.88825 0.561751497005988 0.036000000000000004 0.059880239520958084
0 0.71575 0.784805389221557 0.009000000000000001 0.014970059880239521
0 0.7332500000000001 0.8080089820359282 0.022 0.019461077844311378
0 0.48775 0.7967814371257486 0.011 0.017964071856287428
0 0.70125 0.8289670658682635 0.02 0.031437125748503
0 0.67275 0.8506736526946108 0.015 0.017964071856287428
