3 0.055125 0.2447604790419162 0.01425 0.02470059880239521
0 0.05025 0.19273952095808383 0.014 0.040419161676646706
3 0.08525 0.08046407185628743 0.10400000000000001 0.07035928143712575
3 0.12537500000000001 0.007672155688622755 0.01225 0.01534431137724551
3 0.20975 0.4292664670658683 0.031 0.04341317365269461
3 0.23825000000000002 0.3596556886227545 0.108 0.10778443113772455
3 0.45275 0.3259730538922156 0.017 0.028443113772455092
3 0.44175000000000003 0.3843562874251497 0.023 0.0344311377245509
3 0.47525 0.45770958083832336 0.06 0.058383233532934134
3 0.57525 0.45172155688622756 0.09 0.09730538922155689
3 0.31325000000000003 0.26160179640718567 0.034 0.04341317365269461
3 0.48475 0.7099550898203594 0.031 0.04191616766467066
3 0.61675 0.6171407185628743 0.031 0.038922155688622756
3 0.57275 0.6605538922155689 0.025 0.02694610778443114
3 0.36825 0.6448353293413174 0.018000000000000002 0.04341317365269461
3 0.45625 0.5183383233532934 0.018000000000000002 0.03293413173652695
3 0.60275 0.2907934131736527 0.025 0.029940119760479042
3 0.54675 0.21893712574850302 0.023 0.038922155688622756
3 0.46675 0.2630988023952096 0.021 0.028443113772455092
3 0.38625 0.19348802395209583 0.016 0.023952095808383235
3 0.16925 0.4973802395209581 0.038 0.035928143712574856
