3 0.508875 0.06343562874251497 0.04575 0.0782185628742515
3 0.24225 0.4876497005988024 0.048 0.06736526946107785
3 0.27925 0.5595059880239521 0.028 0.07634730538922156
3 0.31375000000000003 0.41878742514970063 0.061 0.06736526946107785
3 0.35175 0.3035179640718563 0.017 0.031437125748503
3 0.39175 0.3409431137724551 0.037 0.04341317365269461
3 0.40425 0.4659431137724551 0.034 0.03293413173652695
3 0.39425 0.625374251497006 0.016 0.02245508982035928
3 0.43325 0.5699850299401198 0.022 0.04640718562874252
3 0.52125 0.6343562874251497 0.054 0.1062874251497006
3 0.65425 0.6336077844311377 0.082 0.09580838323353294
3 0.59025 0.6605538922155689 0.032 0.03293413173652695
3 0.54675 0.5265718562874252 0.045 0.05239520958083833
3 0.52725 0.45172155688622756 0.036000000000000004 0.055389221556886234
3 0.52625 0.28555389221556887 0.068 0.07634730538922156
3 0.60925 0.37761976047904194 0.064 0.07485029940119761
3 0.67525 0.5101047904191617 0.048 0.055389221556886234
3 0.77375 0.4981287425149701 0.147 0.1601796407185629
