0 0.36312500000000003 0.596744011976048 0.04425 0.06773952095808383
0 0.7126250000000001 0.5578218562874252 0.03375 0.10217065868263474
0 0.464 0.7636601796407186 0.0135 0.024326347305389222
0 0.43425 0.9859655688622755 0.021 0.022829341317365272
0 0.800625 0.46556886227544914 0.02125 0.03293413173652695
0 0.8285 0.33252245508982037 0.025 0.04004491017964072
0 0.791375 0.15531437125748504 0.02225 0.0344311377245509
0 0.49825 0.8252245508982037 0.026000000000000002 0.03293413173652695
0 0.45775 0.8514221556886228 0.015 0.019461077844311378
0 0.37925000000000003 0.9120508982035929 0.012 0.017964071856287428
0 0.52625 0.8401946107784432 0.02 0.023952095808383235
0 0.71625 0.782559880239521 0.016 0.019461077844311378
0 0.7322500000000001 0.7481287425149701 0.012 0.016467065868263474
0 0.89425 0.156811377245509 0.018000000000000002 0.019461077844311378
0 0.96075 0.04004491017964072 0.013000000000000001 0.02544910179640719
0 0.86525 0.2099550898203593 0.016 0.014970059880239521
0 0.7867500000000001 0.06100299401197605 0.021 0.031437125748503
0 0.79025 0.02881736526946108 0.01 0.023952095808383235
1 0.77425 0.4412425149700599 0.03 0.1092814371257485
