3 0.835375 0.6442739520958084 0.32875 0.7092065868263473
3 0.14675 0.4172904191616767 0.057 0.07934131736526946
3 0.28725 0.3312125748502994 0.04 0.0658682634730539
3 0.42075 0.22118263473053892 0.045 0.09730538922155689
3 0.48175 0.30576347305389223 0.077 0.08383233532934133
0 0.63175 0.05276946107784432 0.025 0.023952095808383235
3 0.54875 0.4569610778443114 0.035 0.08083832335329341
3 0.47125 0.7638473053892216 0.058 0.07485029940119761
3 0.46675 0.8798652694610779 0.037 0.04341317365269461
3 0.51125 0.6410928143712575 0.02 0.02095808383233533
3 0.57225 0.5849550898203593 0.022 0.0344311377245509
3 0.21075 0.752619760479042 0.019 0.031437125748503
1 0.51325 0.8282185628742516 0.112 0.2754491017964072
