3 0.274125 0.5499625748502994 0.06525 0.0782185628742515
3 0.096875 0.752619760479042 0.19375 0.4019461077844312
3 0.473625 0.3570359281437126 0.07725 0.16467065868263475
3 0.338875 0.2969685628742515 0.04675 0.050523952095808386
3 0.339375 0.03817365269461078 0.02825 0.05389221556886228
3 0.5417500000000001 0.4981287425149701 0.059000000000000004 0.13023952095808383
3 0.6022500000000001 0.5056137724550899 0.052000000000000005 0.13023952095808383
3 0.67325 0.4622005988023952 0.026000000000000002 0.04640718562874252
3 0.68325 0.5422904191616766 0.034 0.03293413173652695
3 0.64125 0.6515718562874252 0.028 0.02694610778443114
