3 0.1595 0.2846182634730539 0.0425 0.07148203592814371
3 0.15937500000000002 0.9337574850299402 0.14025 0.13023952095808383
3 0.045875 0.6856287425149701 0.02375 0.027694610778443117
3 0.530125 0.05595059880239521 0.02075 0.0407934131736527
3 0.49375 0.11545658682634731 0.037 0.045284431137724554
3 0.7655000000000001 0.3821107784431138 0.0195 0.0845808383233533
3 0.31025 0.5819610778443114 0.056 0.11526946107784432
3 0.38125000000000003 0.6051646706586826 0.03 0.05089820359281438
3 0.45375 0.5714820359281437 0.039 0.07335329341317366
3 0.57775 0.7788173652694611 0.041 0.05389221556886228
3 0.68175 0.7451347305389222 0.059000000000000004 0.07035928143712575
3 0.69175 0.6815119760479043 0.035 0.04790419161676647
3 0.65725 0.5737275449101796 0.04 0.056886227544910184
3 0.49775 0.3319610778443114 0.039 0.040419161676646706
3 0.30625 0.7009730538922156 0.054 0.07185628742514971
3 0.34425 0.6732784431137725 0.02 0.05239520958083833
3 0.6052500000000001 0.5228293413173652 0.024 0.035928143712574856
3 0.64625 0.24812874251497008 0.054 0.11526946107784432
3 0.68375 0.14857784431137724 0.061 0.056886227544910184
3 0.61625 0.1875 0.04 0.04790419161676647
