0 0.386625 0.2791916167664671 0.05275 0.09505988023952096
0 0.288625 0.37425149700598803 0.03175 0.031437125748503
0 0.436125 0.4799775449101797 0.01325 0.04154191616766467
0 0.59475 0.407934131736527 0.029 0.035928143712574856
0 0.25975 0.23241017964071858 0.026000000000000002 0.04191616766467066
0 0.28750000000000003 0.30875748502994016 0.024 0.03293413173652695
0 0.10875 0.7685254491017964 0.049 0.06923652694610778
0 0.35000000000000003 0.1440868263473054 0.026000000000000002 0.037425149700598806
0 0.46825 0.07784431137724551 0.0125 0.01721556886227545
0 0.5125 0.0813997005988024 0.0145 0.027320359281437126
0 0.54625 0.07410179640718563 0.0105 0.018712574850299403
