3 0.030125 0.6800149700598803 0.04025 0.035928143712574856
3 0.080125 0.9023203592814372 0.035750000000000004 0.11227544910179642
3 0.14725 0.4839071856287425 0.032 0.05089820359281438
3 0.10975 0.4794161676646707 0.017 0.04191616766467066
3 0.21125 0.5183383233532934 0.034 0.05089820359281438
3 0.23925000000000002 0.5625 0.032 0.04640718562874252
3 0.27675 0.5325598802395209 0.037 0.09431137724550899
3 0.27175 0.6485778443113773 0.023 0.05089820359281438
3 0.48225 0.5714820359281437 0.036000000000000004 0.055389221556886234
3 0.5367500000000001 0.5707335329341318 0.033 0.07485029940119761
3 0.5387500000000001 0.44947604790419166 0.023 0.05089820359281438
3 0.39275 0.46519461077844315 0.045 0.07335329341317366
3 0.32225 0.5228293413173652 0.022 0.038922155688622756
3 0.36025 0.5729790419161677 0.048 0.07035928143712575
3 0.34175 0.29902694610778446 0.027 0.031437125748503
3 0.44175000000000003 0.3536676646706587 0.051000000000000004 0.11377245508982037
3 0.47675 0.4629491017964072 0.045 0.05089820359281438
3 0.45025 0.5288173652694611 0.03 0.04790419161676647
3 0.67375 0.623877245508982 0.023 0.037425149700598806
3 0.68575 0.5812125748502994 0.037 0.05089820359281438
3 0.72775 0.531062874251497 0.07100000000000001 0.18712574850299402
