0 0.45825 0.27413922155688625 0.025 0.061751497005988025
0 0.491 0.3886601796407186 0.027 0.04004491017964072
0 0.54725 0.5591317365269461 0.049 0.05913173652694611
0 0.65125 0.5295658682634731 0.014 0.02544910179640719
0 0.63625 0.5625 0.016 0.02245508982035928
0 0.55675 0.6987275449101796 0.033 0.058383233532934134
0 0.62775 0.6148952095808383 0.037 0.06437125748502995
0 0.55175 0.2713323353293413 0.057 0.0688622754491018
0 0.61575 0.24588323353293415 0.031 0.05389221556886228
1 0.315875 0.9064371257485031 0.14325000000000002 0.18637724550898205
