3 0.56925 0.8574101796407186 0.0185 0.016467065868263474
3 0.7845 0.3259730538922156 0.0205 0.027694610778443117
3 0.717125 0.47492514970059885 0.01625 0.026197604790419163
3 0.8535 0.37013473053892215 0.0325 0.03068862275449102
3 0.43625 0.23465568862275452 0.02 0.04341317365269461
3 0.46775 0.2286676646706587 0.023 0.031437125748503
3 0.53225 0.3042664670658683 0.028 0.04491017964071856
3 0.47975 0.5812125748502994 0.063 0.09281437125748504
3 0.59325 0.564745508982036 0.032 0.04491017964071856
3 0.62175 0.593937125748503 0.025 0.0344311377245509
3 0.41125 0.6470808383233533 0.024 0.08083832335329341
