3 0.339875 0.4955089820359282 0.04475 0.056886227544910184
3 0.262625 0.9651946107784432 0.05325 0.0688622754491018
3 0.436125 0.9582709580838324 0.03475 0.035553892215568865
3 0.736125 0.846931137724551 0.05425 0.037425149700598806
3 0.58075 0.5497754491017964 0.0305 0.035928143712574856
3 0.423 0.5742889221556886 0.0195 0.03929640718562875
3 0.604 0.7468188622754491 0.0815 0.058757485029940125
3 0.752375 0.33252245508982037 0.02625 0.050523952095808386
3 0.317625 0.21875 0.06975 0.07672155688622755
0 0.760625 0.7275449101796407 0.01825 0.021706586826347306
