3 0.720625 0.8983907185628743 0.28625 0.20247005988023953
3 0.28825 0.811751497005988 0.034 0.07784431137724551
3 0.54625 0.6710329341317366 0.036000000000000004 0.059880239520958084
3 0.7967500000000001 0.4973802395209581 0.047 0.08383233532934133
3 0.62075 0.6740269461077845 0.051000000000000004 0.08682634730538923
3 0.70225 0.563248502994012 0.038 0.0658682634730539
3 0.74025 0.5363023952095809 0.018000000000000002 0.035928143712574856
3 0.84225 0.3604041916167665 0.03 0.04940119760479042
3 0.87075 0.40306886227544914 0.031 0.03293413173652695
3 0.79425 0.30501497005988026 0.038 0.06736526946107785
3 0.69225 0.30800898203592814 0.028 0.06736526946107785
3 0.55325 0.4000748502994012 0.04 0.059880239520958084
3 0.48875 0.4509730538922156 0.041 0.08383233532934133
3 0.45075 0.3566616766467066 0.041 0.0688622754491018
3 0.45825 0.25187125748503 0.126 0.11676646706586827
3 0.32975 0.2967814371257485 0.033 0.059880239520958084
3 0.30425 0.3918413173652695 0.024 0.06137724550898204
3 0.20025 0.4726796407185629 0.026000000000000002 0.06437125748502995
3 0.14125000000000001 0.7952844311377246 0.028 0.035928143712574856
3 0.22675 0.784805389221557 0.011 0.029940119760479042
3 0.17975 0.534056886227545 0.015 0.02245508982035928
3 0.19825 0.5422904191616766 0.016 0.029940119760479042
3 0.38425 0.40232035928143717 0.014 0.019461077844311378
