0 0.48375 0.28574101796407186 0.051000000000000004 0.050523952095808386
0 0.63325 0.32447604790419166 0.0345 0.035928143712574856
0 0.698625 0.35422904191616766 0.03825 0.02881736526946108
0 0.73375 0.44648203592814373 0.015 0.029940119760479042
0 0.76325 0.4794161676646707 0.016 0.02694610778443114
0 0.78125 0.42702095808383234 0.014 0.02095808383233533
0 0.49825 0.36190119760479045 0.012 0.02544910179640719
0 0.46975 0.4157934131736527 0.023 0.0344311377245509
0 0.45825 0.4636976047904192 0.022 0.037425149700598806
0 0.43675 0.43375748502994016 0.021 0.0344311377245509
