2 0.6871279761904762 0.798611111111111 0.01413690476190476 0.02447089947089947
2 0.7745535714285714 0.9242724867724867 0.0183531746031746 0.011243386243386243
2 0.5734126984126984 0.9846230158730158 0.019345238095238096 0.014219576719576719
2 0.04290674603174603 0.15079365079365079 0.017361111111111112 0.031746031746031744
2 0.31039186507936506 0.6683201058201058 0.005704365079365079 0.008597883597883597
3 0.32167658730158727 0.6708002645502645 0.020337301587301584 0.02546296296296296
2 0.9804067460317459 0.9378306878306878 0.0248015873015873 0.03306878306878307
0 0.5384424603174602 0.6922949735449735 0.005456349206349206 0.007605820105820105
0 0.47631448412698413 0.7141203703703703 0.007688492063492063 0.010912698412698412
0 0.6259920634920635 0.5707671957671957 0.003968253968253968 0.007275132275132275
2 0.376860119047619 0.24933862433862433 0.017609126984126984 0.03968253968253968
2 0.39124503968253965 0.34441137566137564 0.023561507936507936 0.026124338624338623
2 0.40004960317460314 0.37053571428571425 0.01240079365079365 0.020833333333333332
2 0.35305059523809523 0.5378637566137566 0.021577380952380952 0.0248015873015873
2 0.3829365079365079 0.6020171957671957 0.025793650793650792 0.026124338624338623
2 0.46924603174603174 0.5882936507936508 0.039186507936507936 0.0291005291005291
2 0.5245535714285714 0.4973544973544973 0.023809523809523808 0.037037037037037035
2 0.4429563492063492 0.3913690476190476 0.015376984126984126 0.023478835978835978
2 0.46775793650793646 0.23197751322751323 0.021825396825396824 0.04133597883597884
2 0.5958581349206349 0.3126653439153439 0.019593253968253968 0.026124338624338623
2 0.7502480158730158 0.5076058201058201 0.0248015873015873 0.03042328042328042
