2 0.6028163580246914 0.3648726851851852 0.017361111111111112 0.01909722222222222
2 0.7077546296296295 0.42853009259259256 0.017361111111111112 0.03645833333333333
2 0.2935956790123457 0.42158564814814814 0.014660493827160493 0.017939814814814815
2 0.3609182098765432 0.5818865740740741 0.015046296296296295 0.03298611111111111
2 0.37229938271604934 0.3935185185185185 0.011574074074074073 0.020833333333333332
2 0.3900462962962963 0.36168981481481477 0.027777777777777776 0.02199074074074074
2 0.3672839506172839 0.33130787037037035 0.010030864197530864 0.012152777777777776
2 0.4222608024691358 0.45283564814814814 0.01890432098765432 0.027199074074074073
2 0.4722222222222222 0.4134837962962963 0.010030864197530864 0.02488425925925926
2 0.7600308641975309 0.39641203703703703 0.023919753086419752 0.0474537037037037
2 0.7413194444444444 0.32002314814814814 0.015817901234567902 0.048611111111111105
2 0.7777777777777777 0.2798032407407407 0.023919753086419752 0.054976851851851846
2 0.1576003086419753 0.04427083333333333 0.015817901234567902 0.013310185185185185
2 0.1863425925925926 0.09461805555555555 0.010030864197530864 0.01909722222222222
2 0.126929012345679 0.02835648148148148 0.010030864197530864 0.015046296296296295
