2 0.7485119047619048 0.49718915343915343 0.0248015873015873 0.028769841269841268
2 0.685515873015873 0.7977843915343915 0.012896825396825396 0.022817460317460316
2 0.7755456349206349 0.9221230158730158 0.022817460317460316 0.015542328042328041
2 0.5700644841269841 0.9818121693121693 0.015128968253968252 0.01455026455026455
2 0.04389880952380952 0.13938492063492064 0.010912698412698412 0.02017195767195767
2 0.30952380952380953 0.6660052910052909 0.005952380952380952 0.009259259259259259
3 0.31882440476190477 0.6684854497354497 0.02058531746031746 0.02546296296296296
3 0.3064236111111111 0.19642857142857142 0.016617063492063492 0.031084656084656083
2 0.3519345238095238 0.5325727513227513 0.021825396825396824 0.022156084656084655
2 0.38244047619047616 0.5950727513227513 0.020833333333333332 0.026124338624338623
2 0.4671378968253968 0.582010582010582 0.04141865079365079 0.03042328042328042
2 0.5245535714285714 0.49189814814814814 0.021825396825396824 0.03736772486772487
2 0.5953621031746031 0.30373677248677244 0.02058531746031746 0.027447089947089946
2 0.39025297619047616 0.3465608465608465 0.030009920634920632 0.052248677248677246
2 0.4423363095238095 0.38227513227513227 0.016617063492063492 0.027777777777777776
2 0.46664186507936506 0.21626984126984125 0.021577380952380952 0.031746031746031744
2 0.3751240079365079 0.24305555555555555 0.018601190476190476 0.03306878306878307
