0 0.42562500000000003 0.6678517964071856 0.02125 0.03480538922155689
0 0.841 0.4195359281437126 0.0155 0.035928143712574856
0 0.9005 0.4915793413173653 0.027 0.02133233532934132
0 0.29625 0.4951347305389222 0.026000000000000002 0.058383233532934134
0 0.28275 0.5333083832335329 0.017 0.017964071856287428
0 0.29025 0.5812125748502994 0.012 0.023952095808383235
0 0.36875 0.4666916167664671 0.025 0.04940119760479042
0 0.62075 0.45247005988023953 0.019 0.03293413173652695
0 0.67525 0.469685628742515 0.014 0.019461077844311378
0 0.69275 0.3940868263473054 0.011 0.023952095808383235
0 0.65175 0.3589071856287425 0.021 0.028443113772455092
0 0.34475 0.4330089820359282 0.019 0.02694610778443114
0 0.36675 0.41878742514970063 0.009000000000000001 0.016467065868263474
0 0.39025 0.39558383233532934 0.016 0.023952095808383235
0 0.48875 0.3379491017964072 0.021 0.028443113772455092
0 0.48775 0.26235029940119764 0.021 0.029940119760479042
0 0.44975 0.27732035928143717 0.019 0.02694610778443114
