0 0.625125 0.34973802395209586 0.03175 0.04004491017964072
0 0.44325000000000003 0.5080464071856288 0.026000000000000002 0.052020958083832336
0 0.7905 0.8291541916167665 0.0145 0.04603293413173653
0 0.9 0.5333083832335329 0.026000000000000002 0.029940119760479042
0 0.61525 0.8940868263473054 0.022 0.04191616766467066
0 0.63725 0.9307634730538923 0.022 0.037425149700598806
0 0.66325 0.9449850299401198 0.022 0.04790419161676647
0 0.68275 0.8933383233532934 0.025 0.0344311377245509
0 0.68125 0.8446856287425151 0.024 0.03293413173652695
1 0.8522500000000001 0.4741766467065869 0.116 0.08832335329341318
3 0.83025 0.5550149700598803 0.02 0.019461077844311378
0 0.82875 0.7593562874251497 0.035 0.07485029940119761
