2 0.17843364197530864 0.775173611111111 0.015046296296296295 0.022569444444444444
2 0.21392746913580246 0.36342592592592593 0.015046296296296295 0.019675925925925923
2 0.36168981481481477 0.28385416666666663 0.015046296296296295 0.021412037037037035
2 0.40084876543209874 0.24045138888888887 0.013888888888888888 0.017939814814814815
2 0.43287037037037035 0.2960069444444444 0.013888888888888888 0.022569444444444444
2 0.5395447530864197 0.31915509259259256 0.015046296296296295 0.027199074074074073
2 0.5555555555555556 0.4253472222222222 0.016975308641975308 0.027777777777777776
2 0.5877700617283951 0.22598379629629628 0.015046296296296295 0.021412037037037035
2 0.693287037037037 0.39467592592592593 0.011574074074074073 0.020833333333333332
2 0.7582947530864197 0.5344328703703703 0.01273148148148148 0.027199074074074073
2 0.8246527777777777 0.3804976851851852 0.03665123456790123 0.030671296296296294
