2 0.5200892857142857 0.3505291005291005 0.0248015873015873 0.04298941798941799
3 0.39868551587301587 0.5813492063492063 0.023561507936507936 0.03571428571428571
2 0.40625 0.6618716931216931 0.030257936507936505 0.03009259259259259
2 0.513516865079365 0.10267857142857142 0.016121031746031744 0.021494708994708994
2 0.5243055555555556 0.14930555555555555 0.0183531746031746 0.028769841269841268
2 0.8430059523809523 0.8444113756613756 0.017361111111111112 0.021494708994708994
2 0.7266865079365079 0.7018849206349206 0.017857142857142856 0.020833333333333332
3 0.7144097222222222 0.6430224867724867 0.0091765873015873 0.012896825396825396
3 0.8271329365079365 0.6197089947089947 0.008432539682539682 0.008597883597883597
3 0.7492559523809523 0.6625330687830687 0.00744047619047619 0.011574074074074073
3 0.7647569444444444 0.6481481481481481 0.008184523809523808 0.011243386243386243
3 0.7857142857142857 0.6539351851851851 0.015376984126984126 0.008928571428571428
3 0.7332589285714285 0.5459656084656085 0.01413690476190476 0.01984126984126984
3 0.8663194444444444 0.4249338624338624 0.015376984126984126 0.02976190476190476
3 0.6094990079365079 0.62880291005291 0.020089285714285712 0.026124338624338623
3 0.6121031746031745 0.6916335978835978 0.027281746031746032 0.030753968253968252
3 0.5168650793650793 0.6587301587301587 0.01984126984126984 0.02447089947089947
