2 0.15219907407407407 0.7641782407407407 0.24575617283950615 0.4704861111111111
2 0.30439814814814814 0.6681134259259259 0.024691358024691357 0.043402777777777776
2 0.3134645061728395 0.7717013888888888 0.02353395061728395 0.08043981481481481
2 0.4083719135802469 0.5821759259259259 0.02044753086419753 0.032407407407407406
2 0.4909336419753086 0.9571759259259258 0.02044753086419753 0.037037037037037035
2 0.5557484567901234 0.5749421296296297 0.02353395061728395 0.03993055555555555
2 0.5326003086419753 0.2517361111111111 0.015817901234567902 0.024305555555555552
2 0.5717592592592592 0.7780671296296295 0.021604938271604937 0.026041666666666664
2 0.5397376543209876 0.7942708333333333 0.019290123456790122 0.022569444444444444
2 0.042438271604938266 0.2829861111111111 0.06635802469135801 0.10300925925925926
