0 0.227 0.1721556886227545 0.03 0.05613772455089821
0 0.737625 0.2561751497005988 0.03175 0.04603293413173653
0 0.865 0.17627245508982037 0.029 0.038922155688622756
0 0.91825 0.19648203592814373 0.0125 0.029940119760479042
0 0.8981250000000001 0.09636976047904192 0.01625 0.025823353293413176
0 0.42025 0.3727544910179641 0.026000000000000002 0.0344311377245509
0 0.604375 0.5980538922155689 0.02325 0.03293413173652695
0 0.27075 0.4569610778443114 0.019 0.021706586826347306
0 0.33125 0.0877619760479042 0.0135 0.019835329341317365
0 0.39375 0.43076347305389223 0.013000000000000001 0.019461077844311378
0 0.38125000000000003 0.46145209580838326 0.018000000000000002 0.017964071856287428
