2 0.16994598765432098 0.5651041666666666 0.025848765432098762 0.059606481481481476
2 0.626929012345679 0.3136574074074074 0.035493827160493825 0.05439814814814815
2 0.8460648148148148 0.43026620370370366 0.032407407407407406 0.05613425925925926
2 0.9184027777777777 0.45515046296296297 0.024305555555555552 0.05150462962962963
2 0.38252314814814814 0.17447916666666666 0.04205246913580247 0.03993055555555555
2 0.456983024691358 0.11747685185185185 0.03433641975308642 0.057870370370370364
2 0.21913580246913578 0.19849537037037035 0.043209876543209874 0.03356481481481481
2 0.1440972222222222 0.10648148148148148 0.04513888888888889 0.028935185185185182
2 0.1923225308641975 0.03211805555555555 0.05362654320987654 0.03530092592592592
2 0.46566358024691357 0.30729166666666663 0.042438271604938266 0.06828703703703703
2 0.415895061728395 0.3831018518518518 0.04938271604938271 0.1423611111111111
