2 0.17515432098765432 0.36342592592592593 0.013117283950617283 0.019675925925925923
2 0.3975694444444444 0.5989583333333333 0.01890432098765432 0.02546296296296296
2 0.46084104938271603 0.48697916666666663 0.01273148148148148 0.03298611111111111
2 0.5692515432098765 0.5243055555555556 0.015817901234567902 0.020833333333333332
2 0.6547067901234568 0.2037037037037037 0.016975308641975308 0.0474537037037037
2 0.6971450617283951 0.19241898148148148 0.010802469135802469 0.022569444444444444
2 0.45042438271604934 0.14033564814814814 0.011959876543209876 0.013310185185185185
2 0.6626157407407407 0.34375 0.011188271604938271 0.02199074074074074
2 0.6730324074074073 0.4314236111111111 0.011959876543209876 0.013310185185185185
2 0.7199074074074073 0.3310185185185185 0.010802469135802469 0.032407407407407406
2 0.7638888888888888 0.3015046296296296 0.010030864197530864 0.020833333333333332
2 0.8368055555555555 0.2271412037037037 0.010802469135802469 0.02372685185185185
2 0.845679012345679 0.10416666666666666 0.016975308641975308 0.020833333333333332
2 0.6095679012345678 0.03443287037037037 0.010030864197530864 0.017939814814814815
