0 0.438125 0.46500748502994016 0.03075 0.04303892215568862
0 0.54475 0.3598428143712575 0.0135 0.019835329341317365
0 0.42312500000000003 0.43038922155688625 0.00675 0.01122754491017964
0 0.448625 0.4000748502994012 0.02125 0.0344311377245509
0 0.548125 0.4412425149700599 0.02225 0.03293413173652695
0 0.3885 0.2281062874251497 0.0085 0.013098802395209582
0 0.604875 0.26627994011976047 0.029750000000000002 0.03480538922155689
0 0.7292500000000001 0.6721556886227545 0.0195 0.040419161676646706
0 0.755375 0.625374251497006 0.01325 0.018712574850299403
0 0.781875 0.7022829341317366 0.01825 0.049026946107784436
1 0.07375 0.9011976047904192 0.14300000000000002 0.1968562874251497
