2 0.21855709876543208 0.20023148148148148 0.018132716049382713 0.03009259259259259
2 0.2640817901234568 0.49826388888888884 0.01890432098765432 0.02199074074074074
2 0.24459876543209874 0.6391782407407407 0.017746913580246913 0.02835648148148148
2 0.26099537037037035 0.6880787037037037 0.016589506172839504 0.027777777777777776
2 0.3315972222222222 0.6481481481481481 0.015817901234567902 0.02546296296296296
2 0.2802854938271605 0.7378472222222222 0.013503086419753086 0.02662037037037037
2 0.5027006172839505 0.6145833333333333 0.013888888888888888 0.017361111111111112
2 0.37384259259259256 0.763599537037037 0.020833333333333332 0.02835648148148148
2 0.3910108024691358 0.7743055555555555 0.015817901234567902 0.016203703703703703
2 0.4122299382716049 0.7664930555555555 0.022762345679012343 0.02835648148148148
2 0.6246141975308641 0.6472800925925926 0.017746913580246913 0.03530092592592592
2 0.6471836419753086 0.7213541666666666 0.015817901234567902 0.017939814814814815
2 0.46662808641975306 0.4447337962962963 0.008873456790123456 0.022569444444444444
2 0.48418209876543206 0.3394097222222222 0.013888888888888888 0.01909722222222222
2 0.720486111111111 0.671875 0.025848765432098762 0.02546296296296296
3 0.7928240740740741 0.33188657407407407 0.013888888888888888 0.022569444444444444
2 0.7604166666666666 0.36603009259259256 0.020833333333333332 0.030671296296296294
2 0.6699459876543209 0.20283564814814814 0.015817901234567902 0.016782407407407406
2 0.5376157407407407 0.19010416666666666 0.015817901234567902 0.02372685185185185
2 0.6398533950617283 0.10648148148148148 0.011188271604938271 0.02199074074074074
2 0.7438271604938271 0.1345486111111111 0.010802469135802469 0.02488425925925926
