2 0.14583333333333331 0.6047453703703703 0.013888888888888888 0.016203703703703703
2 0.18287037037037035 0.5862268518518519 0.010802469135802469 0.015046296296296295
2 0.2366898148148148 0.6168981481481481 0.011959876543209876 0.019675925925925923
2 0.31037808641975306 0.5121527777777778 0.015046296296296295 0.032407407407407406
2 0.4247685185185185 0.6481481481481481 0.007716049382716049 0.010416666666666666
2 0.4899691358024691 0.6519097222222222 0.013888888888888888 0.017939814814814815
2 0.4592978395061728 0.40827546296296297 0.009645061728395061 0.014467592592592591
2 0.5518904320987654 0.3214699074074074 0.015046296296296295 0.022569444444444444
2 0.5904706790123456 0.38078703703703703 0.015046296296296295 0.016203703703703703
2 0.564236111111111 0.48929398148148145 0.015817901234567902 0.02835648148148148
2 0.5999228395061728 0.6027199074074073 0.013888888888888888 0.02025462962962963
2 0.5923996913580246 0.6643518518518519 0.015046296296296295 0.02199074074074074
2 0.6847993827160493 0.618923611111111 0.013888888888888888 0.017939814814814815
2 0.7249228395061728 0.6429398148148148 0.018518518518518517 0.020833333333333332
2 0.7384259259259259 0.43894675925925924 0.013888888888888888 0.01909722222222222
2 0.6587577160493827 0.4230324074074074 0.008873456790123456 0.015046296296296295
