0 0.34625 0.6830089820359282 0.026000000000000002 0.04491017964071856
0 0.33225 0.8072604790419162 0.018000000000000002 0.02095808383233533
0 0.6052500000000001 0.46744011976047906 0.016 0.023952095808383235
0 0.72075 0.7166916167664671 0.019 0.028443113772455092
0 0.69925 0.40306886227544914 0.03 0.04491017964071856
0 0.65275 0.40681137724550903 0.029 0.040419161676646706
0 0.60875 0.3574101796407186 0.029 0.037425149700598806
0 0.55575 0.4098053892215569 0.031 0.04640718562874252
0 0.68525 0.2668413173652695 0.054 0.05389221556886228
0 0.38675 0.3821107784431138 0.025 0.03293413173652695
0 0.35125 0.27432634730538924 0.018000000000000002 0.04491017964071856
0 0.31275000000000003 0.18899700598802396 0.041 0.056886227544910184
0 0.30125 0.27806886227544914 0.018000000000000002 0.031437125748503
0 0.26675 0.29229041916167664 0.025 0.07784431137724551
0 0.35625 0.09767964071856287 0.054 0.08682634730538923
0 0.40925 0.04453592814371258 0.05 0.04940119760479042
