2 0.6804315476190476 0.9856150793650793 0.013640873015873016 0.028108465608465607
2 0.3900049603174603 0.8409391534391534 0.021577380952380952 0.04894179894179894
2 0.5601438492063492 0.8204365079365079 0.02058531746031746 0.03835978835978836
2 0.6810515873015872 0.6365740740740741 0.022817460317460316 0.08134920634920634
2 0.7358630952380952 0.5856481481481481 0.01240079365079365 0.017857142857142856
2 0.6692708333333333 0.8391203703703703 0.031994047619047616 0.045304232804232805
2 0.7177579365079365 0.849537037037037 0.021825396825396824 0.03306878306878307
2 0.6961805555555555 0.921792328042328 0.023809523809523808 0.040013227513227514
2 0.7338789682539683 0.6820436507936507 0.014384920634920634 0.020833333333333332
2 0.8185763888888888 0.56630291005291 0.018601190476190476 0.023478835978835978
2 0.8598710317460317 0.6241732804232804 0.0248015873015873 0.026124338624338623
2 0.8603670634920635 0.7412367724867724 0.021825396825396824 0.034722222222222224
2 0.5777529761904762 0.4801587301587301 0.010168650793650792 0.013888888888888888
2 0.13343253968253968 0.6097883597883598 0.01240079365079365 0.016534391534391533
