2 0.3819444444444444 0.8450727513227513 0.0248015873015873 0.04596560846560846
2 0.9903273809523809 0.960813492063492 0.018849206349206348 0.026785714285714284
2 0.5658482142857143 0.4894179894179894 0.013144841269841268 0.018518518518518517
2 0.5446428571428571 0.828042328042328 0.026785714285714284 0.037037037037037035
2 0.6686507936507936 0.6481481481481481 0.026785714285714284 0.06349206349206349
2 0.6537698412698413 0.8536706349206349 0.03422619047619047 0.04133597883597884
2 0.681671626984127 0.9361772486772486 0.02802579365079365 0.03042328042328042
2 0.6986607142857143 0.8604497354497354 0.028769841269841268 0.03042328042328042
2 0.7218501984126984 0.6922949735449735 0.017609126984126984 0.0248015873015873
2 0.7255704365079365 0.5985449735449735 0.014632936507936508 0.01917989417989418
2 0.8061755952380952 0.5806878306878307 0.016617063492063492 0.01917989417989418
2 0.8438740079365079 0.6378968253968254 0.021577380952380952 0.0291005291005291
2 0.8432539682539683 0.755621693121693 0.0248015873015873 0.03042328042328042
2 0.1318204365079365 0.6165674603174602 0.0091765873015873 0.01951058201058201
