2 0.2345679012345679 0.5067997685185185 0.08140432098765432 0.07725694444444443
2 0.38618827160493824 0.6184895833333333 0.03317901234567901 0.09461805555555555
2 0.5013503086419753 0.4231770833333333 0.062114197530864196 0.07725694444444443
2 0.5287422839506173 0.5316840277777778 0.05671296296296296 0.10445601851851852
2 0.18518518518518517 0.08796296296296297 0.18441358024691357 0.16550925925925924
2 0.1337770061728395 0.24146412037037035 0.04070216049382716 0.08362268518518517
2 0.8919753086419753 0.35648148148148145 0.035493827160493825 0.04976851851851852
2 0.9465663580246914 0.45138888888888884 0.028935185185185182 0.05613425925925926
2 0.6685956790123456 0.10243055555555555 0.08796296296296297 0.04976851851851852
2 0.8824266975308641 0.03732638888888889 0.04610339506172839 0.07060185185185185
3 0.8074845679012346 0.41290509259259256 0.3838734567901234 0.4976851851851852
3 0.5244020061728395 0.6371527777777778 0.02797067901234568 0.03761574074074074
2 0.3743248456790123 0.11429398148148147 0.03452932098765432 0.057870370370370364
