0 0.13275 0.48091317365269465 0.021 0.035928143712574856
0 0.28875 0.531062874251497 0.035 0.04341317365269461
0 0.36175 0.49887724550898205 0.045 0.0658682634730539
0 0.59275 0.6770209580838323 0.053 0.059880239520958084
0 0.45875 0.4786676646706587 0.061 0.06437125748502995
0 0.5387500000000001 0.4547155688622755 0.023 0.037425149700598806
0 0.70925 0.33046407185628746 0.032 0.040419161676646706
0 0.52325 0.40232035928143717 0.018000000000000002 0.02544910179640719
0 0.49925 0.3633982035928144 0.028 0.05239520958083833
0 0.40725 0.31100299401197606 0.038 0.06137724550898204
0 0.58725 0.27806886227544914 0.022 0.04341317365269461
0 0.63375 0.3005239520958084 0.031 0.05239520958083833
