0 0.10725 0.7892964071856288 0.028 0.029940119760479042
0 0.55225 0.782559880239521 0.05 0.040419161676646706
0 0.49775 0.48091317365269465 0.027 0.029940119760479042
0 0.76575 0.5475299401197605 0.035 0.037425149700598806
0 0.83525 0.5048652694610779 0.07200000000000001 0.05389221556886228
0 0.33125 0.627619760479042 0.028 0.02694610778443114
0 0.31525000000000003 0.5872005988023953 0.04 0.04191616766467066
0 0.19525 0.6193862275449102 0.038 0.05239520958083833
0 0.14525 0.5984281437125749 0.018000000000000002 0.02245508982035928
0 0.09875 0.5392964071856288 0.061 0.08083832335329341
0 0.15125 0.4973802395209581 0.024 0.038922155688622756
0 0.03275 0.6223802395209581 0.023 0.02544910179640719
0 0.25125000000000003 0.5130988023952097 0.022 0.04640718562874252
0 0.28575 0.43675149700598803 0.031 0.04940119760479042
0 0.29275 0.29154191616766467 0.029 0.058383233532934134
