2 0.39789496527777773 0.552517361111111 0.03927951388888889 0.09230324074074074
2 0.46603732638888884 0.5622106481481481 0.06011284722222222 0.12268518518518517
2 0.4898003472222222 0.7055844907407407 0.07855902777777778 0.06452546296296297
2 0.4881727430555555 0.7958622685185185 0.087890625 0.035590277777777776
2 0.688259548611111 0.6359953703703703 0.07443576388888888 0.04976851851851852
2 0.7109375 0.4603587962962963 0.05989583333333333 0.03993055555555555
2 0.503689236111111 0.3797743055555555 0.048611111111111105 0.0853587962962963
2 0.5176866319444444 0.5085358796296297 0.037109375 0.0703125
2 0.6329210069444444 0.5609085648148148 0.031901041666666664 0.02054398148148148
2 0.6825086805555555 0.5436921296296297 0.027777777777777776 0.01909722222222222
