0 0.289 0.8362649700598803 0.021 0.02881736526946108
0 0.29712500000000003 0.28574101796407186 0.01825 0.027320359281437126
0 0.281875 0.7052769461077845 0.01625 0.017589820359281437
0 0.28825 0.4502245508982036 0.034 0.031437125748503
0 0.24575 0.4442365269461078 0.017 0.02544910179640719
0 0.49225 0.7331586826347306 0.034 0.031437125748503
0 0.40125 0.5071107784431138 0.022 0.0344311377245509
0 0.28375 0.5168413173652695 0.029 0.056886227544910184
0 0.48875 0.41055389221556887 0.023 0.04491017964071856
0 0.50775 0.3566616766467066 0.039 0.05389221556886228
0 0.55075 0.3289670658682635 0.021 0.04640718562874252
0 0.73675 0.45770958083832336 0.043000000000000003 0.058383233532934134
0 0.94675 0.6366017964071856 0.097 0.08383233532934133
