0 0.785625 0.4850299401197605 0.06425 0.0688622754491018
0 0.6745 0.6132110778443114 0.025 0.04004491017964072
0 0.7342500000000001 0.5353667664670659 0.0155 0.02881736526946108
0 0.685125 0.29360029940119764 0.02875 0.04004491017964072
0 0.23675000000000002 0.28405688622754494 0.023 0.04640718562874252
0 0.17525000000000002 0.2713323353293413 0.014 0.029940119760479042
0 0.11625 0.26235029940119764 0.016 0.017964071856287428
0 0.31475000000000003 0.5692365269461078 0.025 0.038922155688622756
0 0.34625 0.6216317365269461 0.028 0.038922155688622756
0 0.39075 0.6605538922155689 0.029 0.03293413173652695
