2 0.24631076388888887 0.42722800925925924 0.04123263888888889 0.06799768518518517
2 0.3000217013888889 0.5950520833333333 0.09874131944444443 0.13744212962962962
2 0.4671223958333333 0.8229166666666666 0.022786458333333332 0.04050925925925926
2 0.5967881944444444 0.8033854166666666 0.0390625 0.07667824074074074
2 0.7329644097222222 0.48654513888888884 0.04665798611111111 0.08246527777777778
2 0.4112413194444444 0.4366319444444444 0.05859375 0.0954861111111111
2 0.7101779513888888 0.3266782407407407 0.053168402777777776 0.06076388888888889
2 0.6483289930555555 0.27604166666666663 0.02712673611111111 0.034722222222222224
2 0.8333333333333333 0.43807870370370366 0.028211805555555552 0.057870370370370364
2 0.8658854166666666 0.4981192129629629 0.034722222222222224 0.044849537037037035
2 0.9168836805555555 0.705005787037037 0.05208333333333333 0.03616898148148148
2 0.906032986111111 0.880787037037037 0.045572916666666664 0.078125
