0 0.35825 0.9801646706586827 0.0325 0.0344311377245509
0 0.1505 0.27208083832335334 0.0385 0.07185628742514971
0 0.215875 0.16485778443113774 0.02125 0.03330838323353293
0 0.28025 0.1283682634730539 0.018000000000000002 0.04341317365269461
0 0.24875 0.6777694610778443 0.035 0.04640718562874252
0 0.39775 0.4666916167664671 0.021 0.037425149700598806
0 0.42075 0.6336077844311377 0.029 0.04491017964071856
0 0.42325 0.5782185628742516 0.056 0.0688622754491018
0 0.40725 0.718937125748503 0.018000000000000002 0.03293413173652695
0 0.44625000000000004 0.7339071856287426 0.016 0.029940119760479042
0 0.46075 0.6321107784431138 0.015 0.02694610778443114
0 0.51975 0.6298652694610779 0.031 0.031437125748503
0 0.55975 0.6680389221556886 0.039 0.02694610778443114
0 0.76775 0.6156437125748503 0.017 0.014970059880239521
0 0.8452500000000001 0.48914670658682635 0.046 0.031437125748503
0 0.75825 0.5116017964071856 0.034 0.0344311377245509
0 0.7312500000000001 0.44348802395209586 0.038 0.023952095808383235
0 0.68475 0.4562125748502994 0.035 0.05239520958083833
0 0.57075 0.534805389221557 0.031 0.04491017964071856
0 0.61125 0.47717065868263475 0.042 0.05239520958083833
0 0.6032500000000001 0.35591317365269465 0.038 0.037425149700598806
0 0.5337500000000001 0.343188622754491 0.037 0.023952095808383235
