0 0.339 0.4764221556886228 0.021 0.0344311377245509
0 0.5025000000000001 0.44554640718562877 0.025 0.030314371257485033
0 0.63425 0.44554640718562877 0.027 0.061751497005988025
0 0.564125 0.26852544910179643 0.01925 0.030314371257485033
0 0.48325 0.2964071856287425 0.021 0.01721556886227545
0 0.061625 0.8968937125748504 0.025750000000000002 0.02881736526946108
0 0.910625 0.8678892215568863 0.01625 0.02320359281437126
0 0.14675 0.42458832335329344 0.021 0.019835329341317365
0 0.191 0.407372754491018 0.0095 0.03181137724550898
0 0.62775 0.2533682634730539 0.019 0.014970059880239521
1 0.15425 0.17103293413173654 0.078 0.10778443113772455
0 0.61025 0.33345808383233533 0.01 0.016467065868263474
0 0.64375 0.33645209580838326 0.009000000000000001 0.02245508982035928
