2 0.8663194444444444 0.7780671296296295 0.015046296296296295 0.026041666666666664
2 0.26543209876543206 0.30902777777777773 0.011574074074074073 0.011574074074074073
2 0.205054012345679 0.6085069444444444 0.011959876543209876 0.017939814814814815
2 0.2708333333333333 0.6672453703703703 0.013117283950617283 0.010416666666666666
2 0.3169367283950617 0.5821759259259259 0.015817901234567902 0.041666666666666664
2 0.2037037037037037 0.6715856481481481 0.010802469135802469 0.013310185185185185
2 0.39293981481481477 0.5671296296296297 0.011959876543209876 0.015046296296296295
2 0.4731867283950617 0.6302083333333333 0.013503086419753086 0.019675925925925923
2 0.6942515432098765 0.6429398148148148 0.01890432098765432 0.02662037037037037
2 0.8447145061728395 0.48929398148148145 0.008873456790123456 0.013310185185185185
2 0.880594135802469 0.5752314814814814 0.011959876543209876 0.02199074074074074
2 0.75 0.5653935185185185 0.017746913580246913 0.02662037037037037
2 0.5376157407407407 0.3333333333333333 0.011959876543209876 0.02546296296296296
2 0.722608024691358 0.36603009259259256 0.017746913580246913 0.01909722222222222
2 0.6516203703703703 0.16724537037037035 0.010802469135802469 0.016203703703703703
2 0.4430941358024691 0.20283564814814814 0.01273148148148148 0.022569444444444444
2 0.4409722222222222 0.26359953703703703 0.010802469135802469 0.02488425925925926
2 0.4020061728395061 0.30526620370370366 0.013888888888888888 0.01909722222222222
