2 0.7633463541666666 0.7737268518518519 0.04014756944444444 0.046296296296296294
2 0.5696614583333333 0.18272569444444445 0.03255208333333333 0.05353009259259259
2 0.11881510416666666 0.6131365740740741 0.022786458333333332 0.026041666666666664
2 0.2446831597222222 0.6666666666666666 0.014105902777777776 0.026041666666666664
2 0.08192274305555555 0.4134837962962963 0.016276041666666664 0.017361111111111112
2 0.19151475694444445 0.0546875 0.014105902777777776 0.017361111111111112
2 0.16927083333333331 0.5053530092592592 0.017361111111111112 0.01880787037037037
2 0.0732421875 0.9104456018518517 0.016276041666666664 0.024594907407407406
2 0.626736111111111 0.9225983796296295 0.023871527777777776 0.03327546296296296
2 0.6974826388888888 0.943287037037037 0.020833333333333332 0.03298611111111111
2 0.7088758680555555 0.4092881944444444 0.02886284722222222 0.056423611111111105
2 0.724392361111111 0.31626157407407407 0.04123263888888889 0.07175925925925926
2 0.785915798611111 0.43417245370370366 0.027994791666666664 0.04253472222222222
2 0.778103298611111 0.5947627314814814 0.033203125 0.038483796296296294
2 0.5672743055555555 0.41898148148148145 0.014322916666666666 0.028935185185185182
2 0.530056423611111 0.4934895833333333 0.05360243055555555 0.10619212962962962
2 0.42154947916666663 0.4197048611111111 0.022786458333333332 0.038483796296296294
2 0.3491753472222222 0.5354456018518519 0.008246527777777778 0.013599537037037037
2 0.36686197916666663 0.6242766203703703 0.014539930555555554 0.03153935185185185
2 0.4608289930555555 0.5215567129629629 0.018446180555555556 0.027488425925925923
