2 0.705054012345679 0.6197916666666666 0.028935185185185182 0.037037037037037035
2 0.7168209876543209 0.4366319444444444 0.041666666666666664 0.030671296296296294
2 0.4645061728395061 0.27488425925925924 0.013117283950617283 0.028935185185185182
2 0.5123456790123456 0.24537037037037035 0.024691358024691357 0.07523148148148148
2 0.3474151234567901 0.7711226851851851 0.02970679012345679 0.05150462962962963
2 0.3757716049382716 0.7326388888888888 0.02700617283950617 0.048611111111111105
2 0.45891203703703703 0.6984953703703703 0.015046296296296295 0.019675925925925923
2 0.43016975308641975 0.7346643518518519 0.030864197530864196 0.05034722222222222
2 0.5133101851851851 0.7824074074074073 0.03279320987654321 0.041666666666666664
2 0.44907407407407407 0.8295717592592592 0.024691358024691357 0.05034722222222222
2 0.361304012345679 0.8550347222222222 0.03742283950617284 0.05034722222222222
2 0.30979938271604934 0.8958333333333333 0.017746913580246913 0.02199074074074074
