0 0.249125 0.7413922155688624 0.01625 0.01721556886227545
0 0.94625 0.11358532934131738 0.0145 0.02881736526946108
0 0.913 0.28555389221556887 0.0155 0.018712574850299403
3 0.42275 0.6051646706586826 0.021 0.029940119760479042
3 0.26875 0.6508233532934132 0.031 0.07335329341317366
0 0.44925 0.6298652694610779 0.016 0.02544910179640719
3 0.36725 0.625374251497006 0.062 0.14221556886227546
3 0.31175 0.6994760479041917 0.027 0.03293413173652695
3 0.31575000000000003 0.5849550898203593 0.053 0.08832335329341318
0 0.64125 0.5370508982035929 0.018000000000000002 0.02544910179640719
3 0.6587500000000001 0.5056137724550899 0.017 0.04341317365269461
0 0.59075 0.5460329341317366 0.023 0.0344311377245509
0 0.56925 0.5722305389221557 0.014 0.02694610778443114
0 0.57525 0.5123502994011976 0.016 0.02095808383233533
0 0.57525 0.6665419161676647 0.018000000000000002 0.02095808383233533
3 0.70625 0.4719311377245509 0.074 0.11077844311377247
0 0.70125 0.3536676646706587 0.014 0.029940119760479042
0 0.7342500000000001 0.33046407185628746 0.01 0.019461077844311378
