0 0.4635 0.29154191616766467 0.0335 0.038922155688622756
0 0.563125 0.4288922155688623 0.02875 0.05164670658682635
0 0.5905 0.6605538922155689 0.028 0.05464071856287425
0 0.449125 0.39876497005988026 0.04125 0.06324850299401198
0 0.39187500000000003 0.4230913173652695 0.02125 0.025823353293413176
0 0.551 0.8046407185628743 0.0125 0.020209580838323353
0 0.789 0.751309880239521 0.0135 0.02881736526946108
0 0.22125 0.26478293413173654 0.02 0.03480538922155689
0 0.19625 0.03536676646706587 0.0145 0.030314371257485033
3 0.42425 0.8386976047904192 0.028 0.05089820359281438
0 0.91125 0.48690119760479045 0.014 0.023952095808383235
0 0.9207500000000001 0.531811377245509 0.013000000000000001 0.02694610778443114
