0 0.3145 0.3100673652694611 0.03 0.04752994011976048
0 0.3625 0.4225299401197605 0.0145 0.03293413173652695
0 0.33037500000000003 0.5175898203592815 0.02125 0.035928143712574856
0 0.3765 0.6296781437125749 0.025 0.04453592814371258
0 0.34375 0.7333458083832336 0.025 0.04453592814371258
0 0.461625 0.7909805389221557 0.025750000000000002 0.027320359281437126
0 0.537125 0.046781437125748504 0.02675 0.0531437125748503
0 0.578 0.18862275449101798 0.024 0.0344311377245509
0 0.6168750000000001 0.28648952095808383 0.02675 0.049026946107784436
0 0.23075 0.7599176646706587 0.0125 0.02881736526946108
