0 0.517375 0.6124625748502994 0.01625 0.030314371257485033
0 0.199625 0.7412050898203594 0.04225 0.06624251497005988
0 0.492375 0.9449850299401198 0.06825 0.10778443113772455
0 0.005625 0.5888847305389222 0.01125 0.03480538922155689
0 0.16275 0.5737275449101796 0.099 0.05389221556886228
0 0.15475 0.5123502994011976 0.069 0.05089820359281438
0 0.20425000000000001 0.5295658682634731 0.014 0.016467065868263474
0 0.24825 0.5048652694610779 0.02 0.035928143712574856
0 0.30175 0.5190868263473054 0.037 0.04640718562874252
0 0.22525 0.470434131736527 0.008 0.008982035928143714
0 0.27425 0.5108532934131736 0.01 0.008982035928143714
0 0.34325 0.45321856287425155 0.012 0.02544910179640719
