0 0.304875 0.1689745508982036 0.029750000000000002 0.04453592814371258
0 0.21025 0.42028443113772457 0.0135 0.02320359281437126
0 0.39425 0.4137350299401198 0.022 0.03330838323353293
0 0.66025 0.5181511976047904 0.027 0.04303892215568862
0 0.500625 0.7133233532934132 0.02125 0.035928143712574856
0 0.76775 0.5175898203592815 0.025 0.028443113772455092
0 0.7887500000000001 0.5737275449101796 0.017 0.02694610778443114
0 0.79725 0.6051646706586826 0.014 0.023952095808383235
0 0.83075 0.4883982035928144 0.023 0.02694610778443114
0 0.80725 0.44199101796407186 0.016 0.017964071856287428
0 0.32575 0.4794161676646707 0.015 0.017964071856287428
0 0.35375 0.45546407185628746 0.011 0.014970059880239521
0 0.42975 0.11489520958083833 0.007 0.016467065868263474
