0 0.412625 0.3203592814371258 0.02775 0.035928143712574856
0 0.47600000000000003 0.6180763473053893 0.0415 0.04752994011976048
0 0.542375 0.7262350299401198 0.02025 0.04752994011976048
0 0.34375 0.5993637724550899 0.027 0.04453592814371258
0 0.280875 0.3611526946107785 0.02025 0.0344311377245509
0 0.0545 0.6779565868263473 0.025 0.025823353293413176
0 0.039 0.8390718562874252 0.0175 0.037425149700598806
0 0.147625 0.4951347305389222 0.02125 0.02320359281437126
0 0.8245 0.06324850299401198 0.025 0.0344311377245509
0 0.4365 0.12219311377245509 0.0125 0.025823353293413176
0 0.753875 0.87874251497006 0.01625 0.02470059880239521
3 0.7056250000000001 0.9784805389221557 0.04675 0.04229041916167665
0 0.50525 0.3506736526946108 0.014 0.02095808383233533
0 0.41225 0.7413922155688624 0.054 0.05089820359281438
0 0.45975 0.721931137724551 0.021 0.029940119760479042
0 0.56025 0.9614520958083833 0.042 0.05089820359281438
0 0.59675 0.9023203592814372 0.023 0.0344311377245509
