2 0.7474922839506173 0.8168402777777777 0.021219135802469133 0.022569444444444444
2 0.3526234567901234 0.9519675925925926 0.006944444444444444 0.017361111111111112
2 0.23128858024691357 0.4586226851851852 0.016589506172839504 0.029513888888888888
2 0.30343364197530864 0.32291666666666663 0.01890432098765432 0.02199074074074074
2 0.30709876543209874 0.5130208333333333 0.017746913580246913 0.043402777777777776
2 0.46219135802469136 0.5280671296296297 0.017746913580246913 0.03414351851851852
2 0.7239583333333333 0.41811342592592593 0.04282407407407407 0.02835648148148148
2 0.8429783950617283 0.42766203703703703 0.013888888888888888 0.017361111111111112
2 0.6300154320987654 0.2638888888888889 0.014660493827160493 0.016203703703703703
2 0.3960262345679012 0.34432870370370366 0.018132716049382713 0.020833333333333332
2 0.3628472222222222 0.41550925925925924 0.016589506172839504 0.020833333333333332
