2 0.3134645061728395 0.33796296296296297 0.005787037037037037 0.015046296296296295
2 0.423804012345679 0.3263888888888889 0.03665123456790123 0.05439814814814815
2 0.4575617283950617 0.3585069444444444 0.013888888888888888 0.03877314814814815
2 0.49614197530864196 0.5836226851851851 0.024691358024691357 0.03530092592592592
2 0.40779320987654316 0.7395833333333333 0.019290123456790122 0.048611111111111105
2 0.7995756172839505 0.5567129629629629 0.015817901234567902 0.017361111111111112
2 0.8609182098765432 0.5613425925925926 0.015817901234567902 0.020833333333333332
2 0.8109567901234568 0.5182291666666666 0.013117283950617283 0.012152777777777776
2 0.8125 0.47800925925925924 0.02546296296296296 0.03009259259259259
2 0.8485725308641975 0.42563657407407407 0.01890432098765432 0.03414351851851852
2 0.9089506172839505 0.4461805555555555 0.010802469135802469 0.019675925925925923
2 0.9805169753086419 0.49826388888888884 0.019675925925925923 0.03125
1 0.9803240740740741 0.5277777777777778 0.038580246913580245 0.03356481481481481
3 0.29070216049382713 0.8816550925925926 0.06442901234567901 0.10706018518518517
