2 0.3952546296296296 0.8038194444444444 0.028935185185185182 0.03819444444444444
2 0.47106481481481477 0.8272569444444444 0.03009259259259259 0.052662037037037035
2 0.5572916666666666 0.8214699074074073 0.018132716049382713 0.03877314814814815
2 0.6826774691358024 0.6767939814814814 0.022762345679012343 0.0318287037037037
2 0.49363425925925924 0.5474537037037037 0.015046296296296295 0.027777777777777776
2 0.6847993827160493 0.4036458333333333 0.016203703703703703 0.054976851851851846
2 0.7170138888888888 0.3987268518518518 0.018132716049382713 0.048611111111111105
2 0.7025462962962963 0.5708912037037037 0.019290123456790122 0.026041666666666664
2 0.7735339506172839 0.5387731481481481 0.05246913580246913 0.041666666666666664
2 0.7957175925925926 0.5219907407407407 0.02353395061728395 0.02546296296296296
