1 0.063375 0.6322979041916168 0.12625 0.7346556886227545
1 0.177 0.8686377245508983 0.03 0.08233532934131738
1 0.30325 0.45920658682634735 0.052000000000000005 0.11976047904191617
1 0.6062500000000001 0.33345808383233533 0.04 0.10778443113772455
1 0.59775 0.43974550898203596 0.011 0.02694610778443114
1 0.39075 0.09169161676646707 0.041 0.037425149700598806
1 0.69575 0.5520209580838323 0.025 0.035928143712574856
1 0.72675 0.877619760479042 0.059000000000000004 0.07335329341317366
1 0.54225 0.7765718562874252 0.024 0.038922155688622756
1 0.26025 0.8192365269461078 0.028 0.07335329341317366
1 0.16525 0.3237275449101797 0.096 0.15119760479041916
