1 0.7997500000000001 0.8027694610778444 0.14100000000000001 0.08832335329341318
1 0.65375 0.45920658682634735 0.065 0.07784431137724551
1 0.55875 0.4629491017964072 0.059000000000000004 0.07035928143712575
1 0.65225 0.8334580838323353 0.016 0.02095808383233533
1 0.63725 0.7750748502994013 0.01 0.014970059880239521
1 0.53225 0.7129491017964072 0.138 0.19610778443113774
1 0.45225 0.7758233532934132 0.036000000000000004 0.06137724550898204
1 0.33425 0.596182634730539 0.044 0.055389221556886234
1 0.38225000000000003 0.6313622754491018 0.028 0.035928143712574856
1 0.43225 0.5752245508982037 0.03 0.055389221556886234
1 0.5952500000000001 0.5819610778443114 0.062 0.04491017964071856
1 0.44025000000000003 0.2945359281437126 0.03 0.11377245508982037
1 0.06375 0.19273952095808383 0.049 0.08682634730538923
1 0.12375 0.21744011976047906 0.069 0.10029940119760479
1 0.21625 0.4839071856287425 0.036000000000000004 0.04640718562874252
1 0.20375000000000001 0.32073353293413176 0.023 0.04640718562874252
1 0.22675 0.21070359281437126 0.387 0.3023952095808383
