2 0.37557870370370366 0.7989004629629629 0.021219135802469133 0.03530092592592592
2 0.45273919753086417 0.8480902777777777 0.0320216049382716 0.03645833333333333
2 0.5443672839506173 0.8640046296296295 0.011574074074074073 0.024305555555555552
2 0.7023533950617283 0.7395833333333333 0.02353395061728395 0.032407407407407406
2 0.5171682098765432 0.5338541666666666 0.015046296296296295 0.022569444444444444
2 0.7550154320987654 0.6053240740740741 0.013117283950617283 0.020833333333333332
2 0.7523148148148148 0.4019097222222222 0.018518518518518517 0.03877314814814815
2 0.7951388888888888 0.40277777777777773 0.016203703703703703 0.03356481481481481
2 0.8290895061728395 0.5700231481481481 0.019290123456790122 0.03009259259259259
2 0.8427854938271604 0.6021412037037037 0.021219135802469133 0.02372685185185185
2 0.8744212962962963 0.5668402777777778 0.015817901234567902 0.02372685185185185
