2 0.283179012345679 0.46701388888888884 0.027777777777777776 0.04050925925925926
2 0.2689043209876543 0.7526041666666666 0.032407407407407406 0.03877314814814815
2 0.43460648148148145 0.7809606481481481 0.025848765432098762 0.03877314814814815
2 0.45138888888888884 0.8527199074074073 0.027777777777777776 0.02835648148148148
2 0.3283179012345679 0.763599537037037 0.020833333333333332 0.01909722222222222
2 0.4992283950617284 0.7228009259259259 0.024691358024691357 0.03587962962962963
2 0.6224922839506173 0.6420717592592592 0.03356481481481481 0.03993055555555555
2 0.8296682098765432 0.7013888888888888 0.02662037037037037 0.04050925925925926
2 0.6610725308641975 0.46469907407407407 0.03356481481481481 0.0474537037037037
2 0.5108024691358024 0.4461805555555555 0.027777777777777776 0.037037037037037035
