2 0.4019097222222222 0.4123677248677248 0.02802579365079365 0.04034391534391534
2 0.4790426587301587 0.5892857142857143 0.027033730158730156 0.046296296296296294
2 0.47631448412698413 0.6618716931216931 0.030009920634920632 0.036044973544973546
2 0.5992063492063492 0.662037037037037 0.03224206349206349 0.03306878306878307
2 0.5210813492063492 0.4548611111111111 0.033234126984126984 0.04728835978835978
2 0.5512152777777778 0.41385582010582006 0.02901785714285714 0.040013227513227514
2 0.30009920634920634 0.4722222222222222 0.011904761904761904 0.015873015873015872
2 0.29464285714285715 0.7025462962962963 0.033234126984126984 0.040013227513227514
2 0.3101438492063492 0.7390873015873015 0.027033730158730156 0.03571428571428571
2 0.6707589285714285 0.5112433862433862 0.031001984126984124 0.03439153439153439
2 0.6847718253968254 0.5496031746031745 0.03621031746031746 0.031746031746031744
