2 0.30951003086419754 0.9175347222222222 0.07079475308641975 0.09143518518518517
2 0.7527006172839505 0.8637152777777777 0.03973765432098765 0.057870370370370364
2 0.9659529320987654 0.36603009259259256 0.01408179012345679 0.020833333333333332
2 0.6550925925925926 0.12818287037037035 0.04822530864197531 0.03356481481481481
2 0.517361111111111 0.11704282407407407 0.019290123456790122 0.05295138888888889
2 0.3462577160493827 0.014612268518518517 0.02199074074074074 0.029224537037037035
2 0.2816358024691358 0.1579861111111111 0.019290123456790122 0.057870370370370364
2 0.22164351851851852 0.0357349537037037 0.025848765432098762 0.03211805555555555
2 0.8315007716049382 0.02763310185185185 0.01716820987654321 0.03211805555555555
2 0.8673804012345678 0.05425347222222222 0.03954475308641975 0.024016203703703703
2 0.4499421296296296 0.5581597222222222 0.05999228395061728 0.09606481481481481
2 0.5367476851851851 0.5590277777777778 0.07118055555555555 0.11284722222222221
2 0.5012538580246914 0.7348090277777778 0.09934413580246913 0.14149305555555555
2 0.5326967592592592 0.9030671296296295 0.010223765432098766 0.03356481481481481
2 0.44791666666666663 0.4493634259259259 0.035493827160493825 0.09432870370370369
2 0.4733796296296296 0.34953703703703703 0.04976851851851852 0.06539351851851852
