3 0.7049575617283951 0.41666666666666663 0.15219907407407407 0.19618055555555555
0 0.07436342592592592 0.15552662037037035 0.009066358024691357 0.018229166666666664
1 0.0794753086419753 0.051793981481481476 0.035493827160493825 0.057870370370370364
3 0.2763310185185185 0.23466435185185183 0.09047067901234568 0.32291666666666663
2 0.40422453703703703 0.1941550925925926 0.03954475308641975 0.05324074074074074
2 0.4154128086419753 0.5217013888888888 0.05381944444444444 0.07465277777777778
2 0.5600887345679012 0.5559895833333333 0.04880401234567901 0.06684027777777778
2 0.6023341049382716 0.42809606481481477 0.015239197530864196 0.027488425925925923
2 0.4377893518518518 0.35185185185185186 0.027584876543209874 0.03645833333333333
2 0.5204475308641975 0.7203414351851851 0.07716049382716049 0.17042824074074073
2 0.593653549382716 0.6304976851851851 0.02218364197530864 0.024305555555555552
2 0.5941358024691358 0.3344907407407407 0.021219135802469133 0.028935185185185182
