2 0.6032021604938271 0.6449652777777778 0.062114197530864196 0.07060185185185185
2 0.3551311728395061 0.8854166666666666 0.03317901234567901 0.05613425925925926
2 0.4079861111111111 0.9694733796296295 0.07484567901234568 0.060474537037037035
2 0.14400077160493827 0.7977430555555555 0.05034722222222222 0.04513888888888889
2 0.24797453703703703 0.6739004629629629 0.031057098765432098 0.028935185185185182
2 0.3910108024691358 0.44010416666666663 0.04282407407407407 0.030671296296296294
2 0.33584104938271603 0.30107060185185186 0.03317901234567901 0.07725694444444443
2 0.2709297839506173 0.1724537037037037 0.032214506172839504 0.057870370370370364
2 0.6107253086419753 0.12022569444444443 0.03009259259259259 0.024016203703703703
2 0.7581018518518519 0.04470486111111111 0.028935185185185182 0.033854166666666664
2 0.0714699074074074 0.018663194444444444 0.013310185185185185 0.03732638888888889
2 0.45958719135802467 0.5483217592592592 0.15027006172839505 0.1585648148148148
2 0.5139853395061728 0.4097222222222222 0.04571759259259259 0.07291666666666666
