2 0.32880015432098764 0.6354166666666666 0.044945987654320986 0.041666666666666664
2 0.26938657407407407 0.39424189814814814 0.022569444444444444 0.038483796296296294
2 0.09847608024691358 0.911892361111111 0.032214506172839504 0.03211805555555555
2 0.5088734567901234 0.5285011574074073 0.03009259259259259 0.05931712962962963
2 0.5929783950617283 0.6458333333333333 0.04822530864197531 0.09143518518518517
2 0.7934027777777777 0.6956018518518519 0.04591049382716049 0.07233796296296297
2 0.7516396604938271 0.7696759259259259 0.04610339506172839 0.037037037037037035
2 0.7205825617283951 0.5920138888888888 0.041859567901234566 0.05150462962962963
2 0.5892168209876543 0.4921875 0.044945987654320986 0.08680555555555555
2 0.5678047839506173 0.4078414351851852 0.0623070987654321 0.040219907407407406
2 0.7097800925925926 0.375 0.02681327160493827 0.041666666666666664
2 0.40065586419753085 0.11530671296296295 0.015046296296296295 0.04658564814814815
2 0.5447530864197531 0.048611111111111105 0.035493827160493825 0.07407407407407407
