2 0.5244020061728395 0.6724537037037037 0.02681327160493827 0.03530092592592592
2 0.5539158950617283 0.5863715277777778 0.044945987654320986 0.05005787037037037
2 0.5726273148148148 0.3741319444444444 0.041859567901234566 0.04976851851851852
2 0.4879436728395061 0.2712673611111111 0.06539351851851852 0.07899305555555555
2 0.2037037037037037 0.9590567129629629 0.08950617283950617 0.08130787037037036
2 0.07638888888888888 0.9279513888888888 0.03317901234567901 0.03877314814814815
2 0.75 0.575954861111111 0.038580246913580245 0.04832175925925926
2 0.7570408950617283 0.6539351851851851 0.02681327160493827 0.037037037037037035
2 0.7504822530864197 0.4464699074074074 0.031057098765432098 0.05324074074074074
2 0.8458719135802468 0.9895833333333333 0.022376543209876542 0.02025462962962963
2 0.6662808641975309 0.41666666666666663 0.011188271604938271 0.016782407407407406
2 0.455054012345679 0.5163483796296297 0.027391975308641972 0.03327546296296296
2 0.441358024691358 0.6199363425925926 0.032407407407407406 0.04890046296296296
2 0.4124228395061728 0.6792534722222222 0.02546296296296296 0.0396412037037037
