2 0.3152281746031746 0.7718253968253967 0.011904761904761904 0.01455026455026455
2 0.5669642857142857 0.1746031746031746 0.010912698412698412 0.02447089947089947
2 0.9858630952380952 0.09904100529100529 0.0183531746031746 0.02017195767195767
2 0.13231646825396826 0.28505291005291006 0.017113095238095236 0.015873015873015872
2 0.689236111111111 0.09788359788359788 0.009424603174603174 0.017857142857142856
2 0.3819444444444444 0.4064153439153439 0.021825396825396824 0.0291005291005291
2 0.43266369047619047 0.5282738095238095 0.017609126984126984 0.0248015873015873
2 0.3845486111111111 0.4732142857142857 0.016617063492063492 0.03571428571428571
2 0.4222470238095238 0.3898809523809524 0.011160714285714284 0.012566137566137565
2 0.46775793650793646 0.6337632275132274 0.011408730158730158 0.020833333333333332
2 0.5519593253968254 0.6703042328042328 0.014632936507936508 0.021825396825396824
2 0.7084573412698413 0.5380291005291005 0.015625 0.01917989417989418
2 0.7513640873015872 0.5586970899470899 0.018601190476190476 0.022156084656084655
2 0.7043650793650793 0.7142857142857142 0.011408730158730158 0.01917989417989418
2 0.6051587301587301 0.3334986772486772 0.011408730158730158 0.023478835978835978
2 0.628968253968254 0.39533730158730157 0.013392857142857142 0.012235449735449735
2 0.7033730158730158 0.4194775132275132 0.015376984126984126 0.0248015873015873
