2 0.2345679012345679 0.6004050925925926 0.024691358024691357 0.027199074074074073
2 0.6323302469135802 0.4204282407407407 0.022376543209876542 0.059606481481481476
2 0.3472222222222222 0.30005787037037035 0.018518518518518517 0.027199074074074073
2 0.2727623456790123 0.2511574074074074 0.013117283950617283 0.028935185185185182
2 0.015046296296296295 0.10532407407407407 0.03009259259259259 0.039351851851851846
2 0.455054012345679 0.576099537037037 0.022762345679012343 0.029513888888888888
2 0.5399305555555556 0.5321180555555556 0.015046296296296295 0.022569444444444444
2 0.5202546296296297 0.6128472222222222 0.04050925925925926 0.0474537037037037
2 0.5943287037037037 0.7013888888888888 0.015046296296296295 0.02199074074074074
2 0.6373456790123456 0.6724537037037037 0.023919753086419752 0.015046296296296295
