2 0.2843364197530864 0.6440972222222222 0.017746913580246913 0.02662037037037037
2 0.3188657407407407 0.7398726851851851 0.015817901234567902 0.022569444444444444
2 0.39795524691358025 0.7297453703703703 0.015817901234567902 0.02546296296296296
2 0.7293595679012346 0.6226851851851851 0.02199074074074074 0.019675925925925923
2 0.7046682098765432 0.27401620370370366 0.02199074074074074 0.022569444444444444
2 0.49691358024691357 0.4030671296296296 0.010030864197530864 0.022569444444444444
2 0.37905092592592593 0.4314236111111111 0.015817901234567902 0.01909722222222222
2 0.3931327160493827 0.46325231481481477 0.013888888888888888 0.02372685185185185
3 0.251929012345679 0.4950810185185185 0.038580246913580245 0.054976851851851846
3 0.6315586419753086 0.2621527777777778 0.035493827160493825 0.05208333333333333
3 0.5943287037037037 0.1970486111111111 0.03047839506172839 0.03414351851851852
2 0.9164737654320987 0.6481481481481481 0.025848765432098762 0.07870370370370369
2 0.9716435185185185 0.5833333333333333 0.03356481481481481 0.10995370370370369
2 0.9618055555555555 0.6672453703703703 0.05324074074074074 0.04050925925925926
2 0.6878858024691358 0.4774305555555555 0.007716049382716049 0.016203703703703703
3 0.7515432098765432 0.532986111111111 0.014660493827160493 0.020833333333333332
2 0.17476851851851852 0.5824652777777778 0.020833333333333332 0.03414351851851852
