2 0.15162037037037035 0.5908564814814814 0.02546296296296296 0.05671296296296296
2 0.1919367283950617 0.2864583333333333 0.018132716049382713 0.028935185185185182
2 0.11188271604938271 0.1993634259259259 0.021604938271604937 0.03877314814814815
2 0.26099537037037035 0.10387731481481481 0.015046296296296295 0.02372685185185185
2 0.5244984567901234 0.16116898148148148 0.015817901234567902 0.01909722222222222
2 0.455054012345679 0.2991898148148148 0.022762345679012343 0.046296296296296294
2 0.41280864197530864 0.35416666666666663 0.023919753086419752 0.04050925925925926
2 0.5275848765432098 0.2873263888888889 0.025848765432098762 0.03993055555555555
2 0.6028163580246914 0.21846064814814814 0.03356481481481481 0.04456018518518518
2 0.6309799382716049 0.3489583333333333 0.028935185185185182 0.03819444444444444
2 0.7040895061728395 0.37037037037037035 0.032407407407407406 0.037037037037037035
2 0.7679398148148148 0.34693287037037035 0.03742283950617284 0.054976851851851846
2 0.8406635802469136 0.3822337962962963 0.034722222222222224 0.06655092592592592
3 0.44907407407407407 0.46469907407407407 0.10185185185185185 0.15162037037037035
