2 0.4622395833333333 0.5031828703703703 0.0390625 0.07233796296296297
2 0.39279513888888884 0.7375578703703703 0.04123263888888889 0.06076388888888889
2 0.08734809027777778 0.3266782407407407 0.06401909722222222 0.10706018518518517
2 0.6385633680555555 0.4388020833333333 0.04665798611111111 0.05931712962962963
2 0.703125 0.4539930555555555 0.034722222222222224 0.046296296296296294
2 0.5604383680555555 0.8178530092592592 0.04448784722222222 0.05353009259259259
2 0.6087239583333333 0.7910879629629629 0.045572916666666664 0.046296296296296294
2 0.615234375 0.8916377314814814 0.03689236111111111 0.0708912037037037
2 0.730251736111111 0.7860243055555555 0.045572916666666664 0.056423611111111105
2 0.693359375 0.09953703703703703 0.021701388888888888 0.0318287037037037
