2 0.5011574074074073 0.8059895833333333 0.017361111111111112 0.022858796296296294
2 0.5518904320987654 0.8016493055555555 0.022376543209876542 0.027488425925925923
2 0.5186149691358024 0.7834201388888888 0.01099537037037037 0.011863425925925925
2 0.46739969135802467 0.9785879629629629 0.027777777777777776 0.04224537037037037
2 0.3275462962962963 0.9662905092592592 0.034722222222222224 0.04427083333333333
2 0.3169367283950617 0.9114583333333333 0.021219135802469133 0.043402777777777776
2 0.353395061728395 0.8994502314814814 0.009645061728395061 0.008391203703703703
2 0.6084104938271605 0.36328125 0.019290123456790122 0.04427083333333333
2 0.6845100308641975 0.4386574074074074 0.10667438271604937 0.11574074074074073
2 0.6449652777777778 0.35951967592592593 0.02334104938271605 0.030381944444444444
2 0.6804591049382716 0.3046875 0.09432870370370369 0.125
2 0.4454089506172839 0.40813078703703703 0.02044753086419753 0.051793981481481476
2 0.4388503086419753 0.47135416666666663 0.027391975308641972 0.05324074074074074
2 0.35204475308641975 0.5711805555555555 0.03047839506172839 0.03645833333333333
2 0.2961998456790123 0.6351273148148148 0.04070216049382716 0.039351851851851846
2 0.4474344135802469 0.6572627314814814 0.016396604938271605 0.022858796296296294
2 0.8550347222222222 0.8703703703703703 0.04571759259259259 0.10821759259259259
2 0.48659336419753085 0.5163483796296297 0.02334104938271605 0.04542824074074074
2 0.5190007716049383 0.47453703703703703 0.0314429012345679 0.06539351851851852
2 0.5992476851851851 0.41666666666666663 0.03337191358024691 0.04108796296296296
2 0.6231674382716049 0.47063078703703703 0.04263117283950617 0.0546875
2 0.5159143518518519 0.3914930555555555 0.06809413580246913 0.08217592592592592
2 0.0941358024691358 0.9321469907407407 0.02854938271604938 0.0396412037037037
