2 0.09602864583333333 0.4069733796296296 0.04665798611111111 0.056423611111111105
2 0.17198350694444445 0.07421875 0.04014756944444444 0.027488425925925923
2 0.9380425347222222 0.45905671296296297 0.029296875 0.013020833333333332
2 0.0759548611111111 0.30497685185185186 0.030381944444444444 0.03761574074074074
2 0.23166232638888887 0.5299479166666666 0.03146701388888889 0.05063657407407407
2 0.3508029513888889 0.36733217592592593 0.06705729166666666 0.0714699074074074
2 0.4370659722222222 0.40726273148148145 0.05772569444444444 0.06626157407407407
2 0.3425564236111111 0.4746817129629629 0.023654513888888888 0.016493055555555556
2 0.5151909722222222 0.49884259259259256 0.03819444444444444 0.07581018518518517
2 0.547634548611111 0.5519386574074073 0.041449652777777776 0.049479166666666664
2 0.661892361111111 0.49204282407407407 0.0546875 0.06452546296296297
2 0.6592881944444444 0.6022858796296297 0.05989583333333333 0.05353009259259259
