2 0.07388117283950617 0.6195023148148148 0.04822530864197531 0.057291666666666664
2 0.19926697530864196 0.3978587962962963 0.011959876543209876 0.029513888888888888
2 0.22434413580246912 0.5350115740740741 0.015046296296296295 0.02835648148148148
2 0.2660108024691358 0.48495370370370366 0.01890432098765432 0.03125
2 0.2189429012345679 0.6221064814814814 0.009645061728395061 0.020833333333333332
2 0.2999614197530864 0.7702546296296295 0.011959876543209876 0.015046296296296295
2 0.43267746913580246 0.6212384259259259 0.025848765432098762 0.016782407407407406
2 0.36766975308641975 0.4898726851851852 0.010802469135802469 0.02372685185185185
2 0.3919753086419753 0.5026041666666666 0.017746913580246913 0.01909722222222222
2 0.2366898148148148 0.32957175925925924 0.011959876543209876 0.017939814814814815
2 0.2689043209876543 0.36979166666666663 0.010802469135802469 0.032407407407407406
2 0.32773919753086417 0.38165509259259256 0.011959876543209876 0.02025462962962963
2 0.5092592592592592 0.6403356481481481 0.018518518518518517 0.03414351851851852
2 0.6385030864197531 0.47714120370370366 0.027777777777777776 0.03993055555555555
2 0.5580632716049383 0.6079282407407407 0.015817901234567902 0.022569444444444444
2 0.5108024691358024 0.7190393518518519 0.027777777777777776 0.02835648148148148
2 0.5810185185185185 0.7621527777777778 0.023919753086419752 0.02199074074074074
2 0.6354166666666666 0.7531828703703703 0.020061728395061727 0.01909722222222222
2 0.6547067901234568 0.6909722222222222 0.016975308641975308 0.019675925925925923
2 0.6487268518518519 0.6131365740740741 0.01890432098765432 0.03298611111111111
2 0.6961805555555555 0.5737847222222222 0.016589506172839504 0.02835648148148148
2 0.7486496913580246 0.6359953703703703 0.011188271604938271 0.02199074074074074
2 0.6412037037037037 0.34085648148148145 0.027777777777777776 0.04282407407407407
2 0.6907793209876543 0.34606481481481477 0.019675925925925923 0.041666666666666664
2 0.6655092592592592 0.41666666666666663 0.016975308641975308 0.02546296296296296
2 0.6977237654320987 0.4351851851851852 0.02199074074074074 0.02662037037037037
2 0.03800154320987654 0.5960648148148148 0.011959876543209876 0.013888888888888888
