2 0.19810956790123455 0.40335648148148145 0.015817901234567902 0.016203703703703703
2 0.2550154320987654 0.3802083333333333 0.013117283950617283 0.015046296296296295
2 0.2827932098765432 0.4603587962962963 0.010802469135802469 0.014467592592592591
2 0.2571373456790123 0.7644675925925926 0.008873456790123456 0.011574074074074073
2 0.3751929012345679 0.6163194444444444 0.011959876543209876 0.02662037037037037
2 0.4251543209876543 0.7913773148148148 0.010802469135802469 0.017939814814814815
2 0.49189814814814814 0.7375578703703703 0.013888888888888888 0.02372685185185185
2 0.38271604938271603 0.4626736111111111 0.014660493827160493 0.01909722222222222
2 0.5854552469135802 0.30092592592592593 0.008873456790123456 0.010416666666666666
2 0.5260416666666666 0.48408564814814814 0.008873456790123456 0.012152777777777776
2 0.5300925925925926 0.5098379629629629 0.010802469135802469 0.02546296296296296
2 0.5557484567901234 0.5894097222222222 0.01273148148148148 0.027199074074074073
2 0.6116898148148148 0.5532407407407407 0.018132716049382713 0.016203703703703703
2 0.6784336419753086 0.5694444444444444 0.011188271604938271 0.02199074074074074
2 0.7496141975308641 0.42245370370370366 0.010802469135802469 0.016203703703703703
2 0.7685185185185185 0.2560763888888889 0.010802469135802469 0.013310185185185185
