2 0.16242283950617284 0.43171296296296297 0.03009259259259259 0.04976851851851852
2 0.17785493827160492 0.8472222222222222 0.022376543209876542 0.03819444444444444
2 0.1726466049382716 0.9574652777777777 0.028935185185185182 0.043402777777777776
2 0.2056327160493827 0.9875578703703703 0.017746913580246913 0.02372685185185185
2 0.23996913580246912 0.8608217592592592 0.016203703703703703 0.027199074074074073
2 0.4699074074074074 0.5280671296296297 0.032407407407407406 0.046875
2 0.4689429012345679 0.46469907407407407 0.015046296296296295 0.02546296296296296
2 0.6381172839506173 0.6961805555555555 0.019290123456790122 0.03819444444444444
2 0.10995370370370369 0.6513310185185185 0.010802469135802469 0.022569444444444444
3 0.38966049382716045 0.7754629629629629 0.1257716049382716 0.12037037037037036
3 0.32523148148148145 0.09519675925925926 0.048611111111111105 0.08043981481481481
2 0.17785493827160492 0.6686921296296295 0.013117283950617283 0.013310185185185185
2 0.9164737654320987 0.43200231481481477 0.019675925925925923 0.02372685185185185
2 0.7156635802469136 0.14351851851851852 0.013888888888888888 0.02546296296296296
