2 0.16608796296296297 0.5515046296296297 0.024305555555555552 0.05439814814814815
2 0.27372685185185186 0.6767939814814814 0.02353395061728395 0.01909722222222222
2 0.36612654320987653 0.5723379629629629 0.019290123456790122 0.041666666666666664
2 0.3665123456790123 0.36255787037037035 0.016203703703703703 0.02372685185185185
2 0.4029706790123457 0.3263888888888889 0.015817901234567902 0.019675925925925923
2 0.5823688271604938 0.47916666666666663 0.021219135802469133 0.02546296296296296
2 0.7550154320987654 0.7074652777777778 0.010802469135802469 0.015625
2 0.8439429012345678 0.7251157407407407 0.02970679012345679 0.04513888888888889
2 0.9280478395061728 0.5691550925925926 0.02662037037037037 0.03530092592592592
2 0.18692129629629628 0.7230902777777778 0.01890432098765432 0.02372685185185185
2 0.007716049382716049 0.7696759259259259 0.010802469135802469 0.013888888888888888
2 0.6512345679012346 0.5063657407407407 0.021604938271604937 0.015046296296296295
2 0.6730324074074073 0.47800925925925924 0.015817901234567902 0.011574074074074073
2 0.6720679012345678 0.5263310185185185 0.017746913580246913 0.02488425925925926
2 0.990162037037037 0.6684027777777778 0.01890432098765432 0.03587962962962963
