2 0.10551697530864197 0.45023148148148145 0.04899691358024691 0.03819444444444444
2 0.04128086419753086 0.2847222222222222 0.027777777777777776 0.04513888888888889
2 0.0160108024691358 0.1785300925925926 0.03125 0.0318287037037037
2 0.35378086419753085 0.7152777777777778 0.038580246913580245 0.0474537037037037
2 0.3910108024691358 0.6695601851851851 0.02199074074074074 0.03587962962962963
2 0.4143518518518518 0.7349537037037036 0.048611111111111105 0.05324074074074074
2 0.4602623456790123 0.6548032407407407 0.039351851851851846 0.10706018518518517
2 0.5611496913580246 0.6785300925925926 0.03973765432098765 0.05034722222222222
2 0.6784336419753086 0.6539351851851851 0.04282407407407407 0.046296296296296294
2 0.6338734567901234 0.5005787037037037 0.044753086419753084 0.06828703703703703
2 0.581983024691358 0.4846643518518518 0.02970679012345679 0.03414351851851852
2 0.5563271604938271 0.5182291666666666 0.03780864197530864 0.05613425925925926
