1 0.14025 0.2638473053892216 0.112 0.12425149700598803
1 0.07475 0.250374251497006 0.015 0.02544910179640719
1 0.18225 0.5228293413173652 0.036000000000000004 0.04940119760479042
1 0.22675 0.42702095808383234 0.057 0.04341317365269461
1 0.39725 0.3237275449101797 0.06 0.040419161676646706
1 0.56375 0.4973802395209581 0.195 0.5044910179640719
1 0.44025000000000003 0.7601047904191617 0.016 0.014970059880239521
1 0.45625 0.7428892215568863 0.014 0.016467065868263474
1 0.14025 0.4472305389221557 0.016 0.02694610778443114
1 0.08175 0.42477544910179643 0.019 0.023952095808383235
