3 0.265625 0.7306134259259259 0.028935185185185182 0.043402777777777776
3 0.3937114197530864 0.8061342592592592 0.025848765432098762 0.04976851851851852
3 0.521412037037037 0.7855902777777777 0.01273148148148148 0.027199074074074073
3 0.4720293209876543 0.5940393518518519 0.025848765432098762 0.043402777777777776
2 0.4168595679012345 0.014467592592592591 0.015817901234567902 0.016203703703703703
2 0.5484182098765432 0.005787037037037037 0.01427469135802469 0.011574074074074073
2 0.1753472222222222 0.5998263888888888 0.009645061728395061 0.029513888888888888
2 0.314429012345679 0.7051504629629629 0.018518518518518517 0.03298611111111111
2 0.6141975308641975 0.4001736111111111 0.014660493827160493 0.02488425925925926
2 0.7527006172839505 0.2711226851851852 0.016975308641975308 0.03414351851851852
2 0.7417052469135802 0.2265625 0.01890432098765432 0.02488425925925926
3 0.5652006172839505 0.28153935185185186 0.027777777777777776 0.04571759259259259
3 0.5235339506172839 0.3185763888888889 0.031635802469135804 0.05150462962962963
2 0.34606481481481477 0.3038194444444444 0.020833333333333332 0.05208333333333333
2 0.3150077160493827 0.4499421296296296 0.015817901234567902 0.02372685185185185
2 0.3994984567901234 0.27401620370370366 0.02044753086419753 0.03993055555555555
2 0.46566358024691357 0.2517361111111111 0.016975308641975308 0.03125
2 0.6556712962962963 0.21180555555555555 0.02044753086419753 0.027777777777777776
2 0.5181327160493827 0.13368055555555555 0.014660493827160493 0.032407407407407406
2 0.5260416666666666 0.17621527777777776 0.015046296296296295 0.02488425925925926
2 0.4855324074074074 0.17766203703703703 0.015046296296296295 0.027777777777777776
2 0.2648533950617284 0.5381944444444444 0.015046296296296295 0.02546296296296296
2 0.46662808641975306 0.5373263888888888 0.02662037037037037 0.03530092592592592
2 0.4168595679012345 0.4505208333333333 0.015817901234567902 0.02835648148148148
3 0.44945987654320985 0.35474537037037035 0.06327160493827161 0.13657407407407407
2 0.6641589506172839 0.517361111111111 0.02970679012345679 0.048611111111111105
2 0.7214506172839505 0.4655671296296296 0.013888888888888888 0.01909722222222222
2 0.7293595679012346 0.4956597222222222 0.011959876543209876 0.02372685185185185
2 0.7309027777777778 0.44184027777777773 0.016589506172839504 0.02488425925925926
2 0.7515432098765432 0.35127314814814814 0.010802469135802469 0.027777777777777776
3 0.7907021604938271 0.34519675925925924 0.013503086419753086 0.02835648148148148
2 0.7897376543209876 0.38165509259259256 0.013888888888888888 0.02025462962962963
3 0.7932098765432098 0.24739583333333331 0.05015432098765432 0.1440972222222222
2 0.8040123456790123 0.5306712962962963 0.013117283950617283 0.016203703703703703
2 0.7897376543209876 0.5766782407407407 0.017746913580246913 0.01909722222222222
2 0.7814429012345678 0.6137152777777778 0.01273148148148148 0.02835648148148148
2 0.7717978395061728 0.6278935185185185 0.019675925925925923 0.02662037037037037
2 0.7461419753086419 0.6458333333333333 0.05555555555555555 0.0625
2 0.8425925925925926 0.5011574074074073 0.013117283950617283 0.019675925925925923
3 0.1585648148148148 0.37702546296296297 0.033950617283950615 0.06539351851851852
2 0.7918595679012346 0.8052662037037036 0.015817901234567902 0.02835648148148148
2 0.7476851851851851 0.9878472222222222 0.013117283950617283 0.019675925925925923
2 0.8987268518518517 0.7332175925925926 0.015817901234567902 0.02662037037037037
2 0.8391203703703703 0.7583912037037036 0.031635802469135804 0.04456018518518518
3 0.8871527777777777 0.6472800925925926 0.04282407407407407 0.07465277777777778
3 0.943094135802469 0.6686921296296295 0.03356481481481481 0.043402777777777776
3 0.9288194444444444 0.5894097222222222 0.01273148148148148 0.05034722222222222
