2 0.08622685185185185 0.48697916666666663 0.017361111111111112 0.022569444444444444
2 0.22820216049382716 0.38512731481481477 0.011959876543209876 0.030671296296296294
2 0.22665895061728394 0.7789351851851851 0.025848765432098762 0.046296296296296294
2 0.36689814814814814 0.7138310185185185 0.03009259259259259 0.07118055555555555
2 0.4924768518518518 0.6079282407407407 0.028935185185185182 0.04918981481481481
2 0.6556712962962963 0.7222222222222222 0.03047839506172839 0.057870370370370364
2 0.5626929012345678 0.2065972222222222 0.04050925925925926 0.05671296296296296
2 0.5895061728395061 0.25260416666666663 0.042438271604938266 0.059606481481481476
2 0.4409722222222222 0.3735532407407407 0.020833333333333332 0.02835648148148148
2 0.4378858024691358 0.47366898148148145 0.024691358024691357 0.029513888888888888
2 0.6209490740740741 0.44675925925925924 0.022762345679012343 0.05324074074074074
2 0.6902006172839505 0.40104166666666663 0.020833333333333332 0.05671296296296296
2 0.6888503086419753 0.4861111111111111 0.03587962962962963 0.02546296296296296
