2 0.3551311728395061 0.8042534722222222 0.03973765432098765 0.0546875
2 0.7338927469135802 0.8234953703703703 0.02989969135802469 0.03877314814814815
2 0.7554012345679012 0.9528356481481481 0.038580246913580245 0.04976851851851852
2 0.7768132716049382 0.4416956018518518 0.03009259259259259 0.06278935185185185
2 0.5206404320987654 0.34765625 0.010802469135802469 0.051215277777777776
2 0.8190586419753086 0.3878761574074074 0.024691358024691357 0.044849537037037035
2 0.7200038580246914 0.48032407407407407 0.02989969135802469 0.04976851851851852
2 0.11564429012345678 0.5653935185185185 0.01716820987654321 0.014467592592592591
2 0.013792438271604937 0.5870949074074073 0.010609567901234566 0.016203703703703703
2 0.4012345679012346 0.533130787037037 0.03742283950617284 0.04890046296296296
2 0.4626736111111111 0.5345775462962963 0.07118055555555555 0.03674768518518518
2 0.5387731481481481 0.5840567129629629 0.044753086419753084 0.047164351851851846
2 0.4307484567901234 0.4767071759259259 0.041666666666666664 0.03674768518518518
2 0.47386188271604934 0.4470486111111111 0.02835648148148148 0.0625
