2 0.3306327160493827 0.17390046296296297 0.051697530864197525 0.0931712962962963
2 0.4307484567901234 0.3706597222222222 0.028935185185185182 0.046875
2 0.3462577160493827 0.6793981481481481 0.02044753086419753 0.03356481481481481
2 0.2378472222222222 0.5321180555555556 0.018132716049382713 0.022569444444444444
3 0.2501929012345679 0.40104166666666663 0.02816358024691358 0.037037037037037035
3 0.3933256172839506 0.4539930555555555 0.07214506172839506 0.052662037037037035
3 0.5090663580246914 0.6605902777777778 0.09992283950617284 0.109375
3 0.5777391975308641 0.39293981481481477 0.03742283950617284 0.037037037037037035
2 0.45543981481481477 0.9516782407407407 0.011959876543209876 0.01909722222222222
3 0.5123456790123456 0.28530092592592593 0.1388888888888889 0.28935185185185186
