2 0.26612103174603174 0.6468253968253967 0.030257936507936505 0.04034391534391534
2 0.11569940476190475 0.9457671957671957 0.022569444444444444 0.03439153439153439
2 0.0665922619047619 0.7230489417989417 0.038938492063492064 0.022817460317460316
2 0.1355406746031746 0.8738425925925926 0.017113095238095236 0.028769841269841268
2 0.1862599206349206 0.8991402116402116 0.019345238095238096 0.021825396825396824
2 0.27467757936507936 0.9300595238095237 0.017113095238095236 0.022817460317460316
2 0.33072916666666663 0.6805555555555555 0.034474206349206345 0.06481481481481481
2 0.35825892857142855 0.9356812169312169 0.01413690476190476 0.028769841269841268
2 0.3146081349206349 0.4131944444444444 0.019593253968253968 0.04464285714285714
2 0.53125 0.416005291005291 0.0367063492063492 0.047619047619047616
2 0.4386160714285714 0.44775132275132273 0.015128968253968252 0.02447089947089947
2 0.6175595238095237 0.4505621693121693 0.0367063492063492 0.06779100529100529
2 0.839657738095238 0.44477513227513227 0.04092261904761905 0.061507936507936505
2 0.8461061507936507 0.6712962962962963 0.021577380952380952 0.04034391534391534
2 0.7669890873015872 0.07671957671957672 0.01413690476190476 0.021825396825396824
2 0.9512648809523809 0.4332010582010582 0.016121031746031744 0.018518518518518517
2 0.27306547619047616 0.009259259259259259 0.026785714285714284 0.018518518518518517
3 0.7130456349206349 0.5524140211640212 0.07738095238095238 0.040013227513227514
