2 0.06398809523809523 0.7280092592592592 0.03125 0.027447089947089946
2 0.1124751984126984 0.9522156084656084 0.027033730158730156 0.03869047619047619
2 0.1372767857142857 0.8796296296296295 0.02058531746031746 0.025793650793650792
2 0.18675595238095238 0.9077380952380952 0.0248015873015873 0.021825396825396824
2 0.27678571428571425 0.9351851851851851 0.019345238095238096 0.015873015873015872
2 0.3577628968253968 0.9408068783068783 0.015128968253968252 0.027116402116402115
2 0.3308531746031746 0.6934523809523809 0.0367063492063492 0.05886243386243386
2 0.2698412698412698 0.6539351851851851 0.033234126984126984 0.04596560846560846
2 0.3146081349206349 0.42526455026455023 0.030009920634920632 0.04894179894179894
2 0.26550099206349204 0.010747354497354497 0.027033730158730156 0.021494708994708994
2 0.5345982142857143 0.42328042328042326 0.03249007936507936 0.047619047619047616
2 0.43700396825396826 0.4621362433862434 0.020337301587301584 0.021494708994708994
2 0.6137152777777778 0.4634589947089947 0.04637896825396825 0.06183862433862433
2 0.8430059523809523 0.45634920634920634 0.047619047619047616 0.06481481481481481
2 0.7621527777777778 0.0818452380952381 0.017361111111111112 0.02017195767195767
2 0.9491567460317459 0.43898809523809523 0.013888888888888888 0.018849206349206348
2 0.8473462301587301 0.6784060846560847 0.021577380952380952 0.043320105820105814
2 0.7152777777777778 0.0874669312169312 0.011904761904761904 0.014219576719576719
2 0.6553819444444444 0.12351190476190475 0.01066468253968254 0.02017195767195767
3 0.7160218253968254 0.5621693121693121 0.07539682539682539 0.037037037037037035
