2 0.35146604938271603 0.36168981481481477 0.021604938271604937 0.02199074074074074
2 0.45177469135802467 0.3958333333333333 0.024691358024691357 0.046296296296296294
2 0.44405864197530864 0.7118055555555555 0.016975308641975308 0.03125
2 0.513695987654321 0.6715856481481481 0.019675925925925923 0.04571759259259259
2 0.5576774691358024 0.6912615740740741 0.015046296296296295 0.013310185185185185
2 0.5212191358024691 0.5462962962962963 0.020833333333333332 0.041666666666666664
2 0.5885416666666666 0.4053819444444444 0.022762345679012343 0.048032407407407406
2 0.6813271604938271 0.36313657407407407 0.016975308641975308 0.02488425925925926
2 0.6192129629629629 0.5737847222222222 0.020833333333333332 0.03414351851851852
2 0.6695601851851851 0.5755208333333333 0.04050925925925926 0.054976851851851846
2 0.693287037037037 0.49594907407407407 0.024691358024691357 0.0474537037037037
2 0.6838348765432098 0.6504629629629629 0.019675925925925923 0.020833333333333332
2 0.7507716049382716 0.5425347222222222 0.024691358024691357 0.043402777777777776
2 0.8532021604938271 0.4921875 0.02970679012345679 0.03761574074074074
2 0.5804398148148148 0.7546296296296295 0.01890432098765432 0.037037037037037035
