2 0.13329475308641975 0.7228009259259259 0.02353395061728395 0.024305555555555552
2 0.1875 0.8208912037037036 0.018518518518518517 0.017939814814814815
2 0.7474922839506173 0.7821180555555555 0.010416666666666666 0.027199074074074073
2 0.9270833333333333 0.24045138888888887 0.013888888888888888 0.017939814814814815
2 0.8391203703703703 0.7453703703703703 0.020061728395061727 0.020833333333333332
2 0.8047839506172839 0.7225115740740741 0.016203703703703703 0.030671296296296294
2 0.23939043209876543 0.019386574074074073 0.015046296296296295 0.01909722222222222
2 0.14718364197530864 0.03616898148148148 0.02353395061728395 0.027199074074074073
2 0.8748070987654321 0.06278935185185185 0.011959876543209876 0.029513888888888888
2 0.876736111111111 0.38541666666666663 0.011959876543209876 0.02199074074074074
2 0.8381558641975309 0.5107060185185185 0.011959876543209876 0.014467592592592591
2 0.8580246913580246 0.5908564814814814 0.017746913580246913 0.015046296296296295
2 0.7872299382716049 0.603298611111111 0.015046296296296295 0.01909722222222222
2 0.7486496913580246 0.6770833333333333 0.015046296296296295 0.015046296296296295
2 0.7704475308641975 0.45283564814814814 0.013117283950617283 0.027199074074074073
2 0.7006172839506173 0.5020254629629629 0.013888888888888888 0.017939814814814815
2 0.7218364197530864 0.5483217592592592 0.010802469135802469 0.013310185185185185
2 0.6290509259259259 0.6762152777777778 0.016589506172839504 0.01909722222222222
2 0.6660879629629629 0.7502893518518519 0.02199074074074074 0.02835648148148148
2 0.6028163580246914 0.947048611111111 0.015817901234567902 0.017939814814814815
2 0.5636574074074073 0.9048032407407407 0.010802469135802469 0.013310185185185185
2 0.5518904320987654 0.9224537037037036 0.008873456790123456 0.016203703703703703
2 0.5611496913580246 0.947048611111111 0.009645061728395061 0.014467592592592591
2 0.550733024691358 0.5092592592592592 0.008873456790123456 0.017361111111111112
2 0.6315586419753086 0.38686342592592593 0.010030864197530864 0.01909722222222222
2 0.7314814814814814 0.35416666666666663 0.010030864197530864 0.019675925925925923
2 0.7170138888888888 0.40451388888888884 0.01273148148148148 0.02546296296296296
2 0.4265046296296296 0.6362847222222222 0.015817901234567902 0.01909722222222222
2 0.4029706790123457 0.5960648148148148 0.011959876543209876 0.013888888888888888
2 0.337770061728395 0.625 0.011959876543209876 0.020833333333333332
2 0.4212962962962963 0.44415509259259256 0.014660493827160493 0.02372685185185185
2 0.5133101851851851 0.37123842592592593 0.01273148148148148 0.027199074074074073
2 0.5518904320987654 0.35561342592592593 0.008873456790123456 0.01909722222222222
2 0.4396219135802469 0.39265046296296297 0.005787037037037037 0.013310185185185185
2 0.34953703703703703 0.7667824074074073 0.007716049382716049 0.010416666666666666
2 0.13638117283950615 0.501736111111111 0.015046296296296295 0.009259259259259259
2 0.2368827160493827 0.37644675925925924 0.013888888888888888 0.02835648148148148
2 0.25906635802469136 0.4140625 0.008873456790123456 0.017939814814814815
2 0.27334104938271603 0.48321759259259256 0.015817901234567902 0.019675925925925923
2 0.31983024691358025 0.375 0.010030864197530864 0.016203703703703703
2 0.2779706790123457 0.4097222222222222 0.008873456790123456 0.020833333333333332
2 0.3119212962962963 0.5700231481481481 0.015817901234567902 0.020833333333333332
0 0.4409722222222222 0.36313657407407407 0.018518518518518517 0.02835648148148148
0 0.359375 0.32089120370370366 0.011959876543209876 0.02372685185185185
0 0.34606481481481477 0.26533564814814814 0.016975308641975308 0.02835648148148148
2 0.4112654320987654 0.8214699074074073 0.014660493827160493 0.01909722222222222
2 0.4079861111111111 0.9453125 0.011959876543209876 0.017939814814814815
2 0.4737654320987654 0.943287037037037 0.010802469135802469 0.016203703703703703
2 0.43557098765432095 0.915798611111111 0.010030864197530864 0.02372685185185185
2 0.4567901234567901 0.8949652777777777 0.010802469135802469 0.017939814814814815
2 0.11342592592592592 0.47974537037037035 0.006944444444444444 0.015046296296296295
