2 0.4740823412698412 0.22470238095238093 0.021577380952380952 0.021494708994708994
2 0.6294642857142857 0.5922619047619048 0.012896825396825396 0.017195767195767195
2 0.6731150793650793 0.5669642857142857 0.020337301587301584 0.021494708994708994
2 0.8985615079365079 0.6316137566137566 0.00744047619047619 0.015873015873015872
2 0.9200148809523809 0.6532738095238095 0.009672619047619048 0.01025132275132275
2 0.9362599206349206 0.611441798941799 0.013888888888888888 0.015873015873015872
2 0.9357638888888888 0.5497685185185185 0.010912698412698412 0.012896825396825396
2 0.9652777777777777 0.6301256613756614 0.011904761904761904 0.012896825396825396
2 0.9787946428571428 0.732308201058201 0.008680555555555556 0.012896825396825396
2 0.9621775793650793 0.8510251322751322 0.009672619047619048 0.011574074074074073
2 0.9852430555555555 0.8991402116402116 0.008680555555555556 0.015873015873015872
2 0.9952876984126984 0.8272156084656084 0.008928571428571428 0.012896825396825396
2 0.9837549603174602 0.8042328042328042 0.009672619047619048 0.013227513227513227
2 0.5286458333333333 0.3759920634920635 0.007192460317460317 0.01521164021164021
2 0.4712301587301587 0.3505291005291005 0.01240079365079365 0.016534391534391533
2 0.44853670634920634 0.3333333333333333 0.006200396825396825 0.017857142857142856
2 0.8247767857142857 0.7233796296296295 0.008184523809523808 0.012235449735449735
