2 0.3910108024691358 0.7034143518518519 0.028935185185185182 0.043402777777777776
2 0.3954475308641975 0.6215277777777778 0.018518518518518517 0.037037037037037035
2 0.7135416666666666 0.6588541666666666 0.02199074074074074 0.05381944444444444
2 0.6983024691358024 0.42939814814814814 0.03009259259259259 0.03819444444444444
2 0.49344135802469136 0.13049768518518517 0.03009259259259259 0.048032407407407406
0 0.5958719135802468 0.8721064814814814 0.011959876543209876 0.02199074074074074
2 0.648341049382716 0.7083333333333333 0.02970679012345679 0.0474537037037037
2 0.6720679012345678 0.7349537037037036 0.007716049382716049 0.02662037037037037
2 0.7436342592592592 0.5491898148148148 0.008873456790123456 0.020833333333333332
2 0.8302469135802468 0.5714699074074073 0.010030864197530864 0.014467592592592591
2 0.11304012345679011 0.4343171296296296 0.027777777777777776 0.07002314814814814
2 0.061149691358024685 0.5434027777777778 0.015046296296296295 0.020833333333333332
2 0.08294753086419752 0.6351273148148148 0.02854938271604938 0.04456018518518518
2 0.16454475308641975 0.6799768518518519 0.025848765432098762 0.02662037037037037
2 0.16956018518518517 0.6087962962962963 0.005787037037037037 0.015046296296296295
2 0.19270833333333331 0.6302083333333333 0.04282407407407407 0.03125
2 0.259645061728395 0.517361111111111 0.027777777777777776 0.048611111111111105
2 0.2189429012345679 0.4699074074074074 0.025848765432098762 0.046296296296296294
