2 0.16184413580246912 0.6206597222222222 0.022762345679012343 0.054976851851851846
2 0.28935185185185186 0.5491898148148148 0.02700617283950617 0.03356481481481481
2 0.30536265432098764 0.7572337962962963 0.02044753086419753 0.022569444444444444
2 0.203125 0.09403935185185185 0.017361111111111112 0.027199074074074073
2 0.33545524691358025 0.07262731481481481 0.022762345679012343 0.022569444444444444
3 0.4749228395061728 0.5104166666666666 0.05092592592592592 0.07060185185185185
3 0.014467592592592591 0.09606481481481481 0.028935185185185182 0.057870370370370364
3 0.16358024691358025 0.014467592592592591 0.020061728395061727 0.02546296296296296
3 0.1261574074074074 0.02025462962962963 0.020061728395061727 0.04050925925925926
3 0.05208333333333333 0.13773148148148148 0.024691358024691357 0.037037037037037035
3 0.11709104938271604 0.14351851851851852 0.03356481481481481 0.07870370370370369
3 0.09182098765432098 0.22800925925925924 0.020833333333333332 0.04050925925925926
3 0.07195216049382716 0.24421296296296294 0.01273148148148148 0.03125
3 0.1753472222222222 0.17332175925925924 0.025848765432098762 0.04918981481481481
3 0.2214506172839506 0.16782407407407407 0.02700617283950617 0.03587962962962963
3 0.2826003086419753 0.23466435185185183 0.03665123456790123 0.05381944444444444
2 0.5860339506172839 0.5856481481481481 0.031635802469135804 0.04282407407407407
2 0.5680941358024691 0.6044560185185185 0.025848765432098762 0.04456018518518518
2 0.5750385802469136 0.6559606481481481 0.02199074074074074 0.029513888888888888
2 0.5947145061728395 0.6866319444444444 0.011959876543209876 0.01909722222222222
2 0.5721450617283951 0.6895254629629629 0.020061728395061727 0.02488425925925926
2 0.5395447530864197 0.7013888888888888 0.025848765432098762 0.037037037037037035
