2 0.20852623456790123 0.890625 0.025848765432098762 0.048611111111111105
2 0.9214891975308641 0.4638310185185185 0.018132716049382713 0.030671296296296294
2 0.9606481481481481 0.43981481481481477 0.027777777777777776 0.037037037037037035
2 0.9500385802469136 0.36082175925925924 0.025848765432098762 0.043402777777777776
2 0.17091049382716048 0.650173611111111 0.013117283950617283 0.012152777777777776
2 0.19039351851851852 0.6221064814814814 0.015817901234567902 0.020833333333333332
2 0.19560185185185183 0.579861111111111 0.020833333333333332 0.03125
2 0.24517746913580246 0.5648148148148148 0.011188271604938271 0.019675925925925923
2 0.2640817901234568 0.4704861111111111 0.022762345679012343 0.041666666666666664
2 0.2976466049382716 0.5234375 0.01890432098765432 0.03414351851851852
2 0.34008487654320985 0.37037037037037035 0.008873456790123456 0.016203703703703703
2 0.44656635802469136 0.34403935185185186 0.015817901234567902 0.03414351851851852
2 0.49903549382716045 0.44010416666666663 0.015817901234567902 0.03414351851851852
2 0.3890817901234568 0.5627893518518519 0.027391975308641972 0.029513888888888888
2 0.4444444444444444 0.5656828703703703 0.017746913580246913 0.02372685185185185
2 0.49903549382716045 0.6362847222222222 0.015817901234567902 0.01909722222222222
2 0.42013888888888884 0.677662037037037 0.024691358024691357 0.027777777777777776
2 0.35590277777777773 0.6901041666666666 0.01273148148148148 0.017939814814814815
2 0.6412037037037037 0.5344328703703703 0.017746913580246913 0.03530092592592592
3 0.6126543209876543 0.4994212962962963 0.05324074074074074 0.07870370370370369
2 0.7802854938271605 0.529224537037037 0.015046296296296295 0.043402777777777776
2 0.7220293209876543 0.5746527777777778 0.022762345679012343 0.032407407407407406
2 0.7997685185185185 0.6429398148148148 0.017746913580246913 0.020833333333333332
2 0.7561728395061728 0.6539351851851851 0.013888888888888888 0.016203703703703703
2 0.6998456790123456 0.6724537037037037 0.017746913580246913 0.020833333333333332
2 0.6604938271604938 0.671875 0.024691358024691357 0.02199074074074074
2 0.6705246913580246 0.6967592592592592 0.02700617283950617 0.016203703703703703
