1 0.620375 0.05969311377245509 0.10775 0.11938622754491018
1 0.47125 0.027320359281437126 0.022 0.02245508982035928
1 0.09975 0.36414670658682635 0.053 0.07634730538922156
1 0.28875 0.29528443113772457 0.203 0.11227544910179642
1 0.41475 0.41654191616766467 0.035 0.04940119760479042
1 0.7957500000000001 0.4157934131736527 0.267 0.2904191616766467
1 0.54825 0.7428892215568863 0.322 0.12425149700598803
1 0.75125 0.7481287425149701 0.03 0.023952095808383235
1 0.42175 0.9120508982035929 0.035 0.0344311377245509
1 0.5895 0.9689371257485031 0.0465 0.06137724550898204
1 0.77725 0.8214820359281437 0.024 0.03293413173652695
