2 0.35590277777777773 0.33912037037037035 0.1554783950617284 0.1898148148148148
3 0.32523148148148145 0.43576388888888884 0.03009259259259259 0.03587962962962963
3 0.46084104938271603 0.34751157407407407 0.04205246913580247 0.0642361111111111
3 0.4864969135802469 0.45196759259259256 0.03780864197530864 0.041666666666666664
3 0.5775462962962963 0.43952546296296297 0.04398148148148148 0.043402777777777776
3 0.767361111111111 0.3689236111111111 0.041666666666666664 0.043402777777777776
3 0.15432098765432098 0.40451388888888884 0.12962962962962962 0.15625
3 0.1415895061728395 0.5425347222222222 0.013888888888888888 0.027199074074074073
3 0.37287808641975306 0.7450810185185185 0.03125 0.046875
2 0.21431327160493827 0.5185185185185185 0.01427469135802469 0.024305555555555552
2 0.40335648148148145 0.4994212962962963 0.025848765432098762 0.024305555555555552
2 0.3015046296296296 0.4325810185185185 0.015046296296296295 0.026041666666666664
2 0.25829475308641975 0.6681134259259259 0.015817901234567902 0.027199074074074073
2 0.35744598765432095 0.6663773148148148 0.015046296296296295 0.02372685185185185
2 0.40335648148148145 0.7607060185185185 0.01273148148148148 0.022569444444444444
2 0.538966049382716 0.7743055555555555 0.011574074074074073 0.03356481481481481
3 0.7293595679012346 0.8715277777777777 0.062114197530864196 0.1736111111111111
2 0.7260802469135802 0.6840277777777778 0.013117283950617283 0.024305555555555552
2 0.6471836419753086 0.3804976851851852 0.02044753086419753 0.030671296296296294
2 0.6986882716049382 0.4343171296296296 0.013888888888888888 0.03877314814814815
2 0.8717206790123456 0.24131944444444442 0.01273148148148148 0.028935185185185182
2 0.08410493827160494 0.014756944444444444 0.016975308641975308 0.01909722222222222
3 0.14621913580246912 0.06684027777777778 0.032407407407407406 0.05034722222222222
3 0.7750771604938271 0.19618055555555555 0.06867283950617284 0.07638888888888888
3 0.8869598765432098 0.9105902777777777 0.06481481481481481 0.17766203703703703
3 0.9702932098765431 0.9638310185185185 0.046296296296296294 0.043402777777777776
