0 0.5609567901234568 0.6837384259259259 0.027777777777777776 0.03877314814814815
2 0.25810185185185186 0.2563657407407407 0.020833333333333332 0.02546296296296296
2 0.3767361111111111 0.35995370370370366 0.02662037037037037 0.037037037037037035
2 0.30787037037037035 0.7763310185185185 0.023919753086419752 0.03298611111111111
0 0.4133873456790123 0.7682291666666666 0.03279320987654321 0.04918981481481481
2 0.43904320987654316 0.5960648148148148 0.020833333333333332 0.04282407407407407
2 0.6278935185185185 0.7178819444444444 0.05054012345679012 0.06076388888888889
2 0.6427469135802468 0.8318865740740741 0.024691358024691357 0.02488425925925926
2 0.4747299382716049 0.826099537037037 0.01890432098765432 0.01909722222222222
2 0.6689814814814814 0.6070601851851851 0.023919753086419752 0.059027777777777776
2 0.5538194444444444 0.4343171296296296 0.022762345679012343 0.04918981481481481
2 0.6788194444444444 0.43807870370370366 0.015817901234567902 0.02662037037037037
2 0.7353395061728395 0.7013888888888888 0.027777777777777776 0.04282407407407407
2 0.8684413580246914 0.6637731481481481 0.024691358024691357 0.041666666666666664
