2 0.10470920138888888 0.8692129629629629 0.07052951388888888 0.08101851851851852
2 0.007595486111111111 0.9803240740740741 0.015190972222222222 0.019675925925925923
2 0.3103298611111111 0.6051793981481481 0.04774305555555555 0.027488425925925923
2 0.04611545138888889 0.665943287037037 0.04014756944444444 0.024594907407407406
2 0.46820746527777773 0.5863715277777778 0.06401909722222222 0.06221064814814815
2 0.5305989583333333 0.6341145833333333 0.056423611111111105 0.1171875
2 0.6890190972222222 0.5653935185185185 0.010850694444444444 0.04918981481481481
2 0.7709418402777778 0.6666666666666666 0.04665798611111111 0.10127314814814814
2 0.8295355902777777 0.7484085648148148 0.04231770833333333 0.04195601851851852
2 0.9201388888888888 0.9552951388888888 0.026041666666666664 0.04774305555555555
2 0.9805772569444444 0.982204861111111 0.03841145833333333 0.029224537037037035
2 0.9892578125 0.9166666666666666 0.02105034722222222 0.02546296296296296
2 0.4915364583333333 0.20008680555555555 0.043402777777777776 0.044849537037037035
2 0.40961371527777773 0.16536458333333331 0.04448784722222222 0.05353009259259259
