2 0.5223765432098765 0.41984953703703703 0.0470679012345679 0.06770833333333333
2 0.11477623456790123 0.5931712962962963 0.028935185185185182 0.028935185185185182
2 0.22820216049382716 0.5587384259259259 0.02662037037037037 0.027199074074074073
2 0.47955246913580246 0.685474537037037 0.033950617283950615 0.043402777777777776
2 0.48591820987654316 0.2751736111111111 0.021219135802469133 0.022569444444444444
2 0.660108024691358 0.06510416666666666 0.046296296296296294 0.046875
2 0.9033564814814814 0.08622685185185185 0.03742283950617284 0.03356481481481481
2 0.9388503086419753 0.17303240740740738 0.02662037037037037 0.04976851851851852
2 0.8958333333333333 0.5387731481481481 0.016203703703703703 0.028935185185185182
2 0.6477623456790124 0.7277199074074073 0.03009259259259259 0.043402777777777776
2 0.7260802469135802 0.6478587962962963 0.010802469135802469 0.01909722222222222
2 0.8069058641975309 0.6802662037037037 0.02044753086419753 0.022569444444444444
