2 0.26543209876543206 0.3110532407407407 0.029320987654320986 0.02835648148148148
2 0.3732638888888889 0.28964120370370366 0.018132716049382713 0.017939814814814815
2 0.3940972222222222 0.4351851851851852 0.02353395061728395 0.03587962962962963
2 0.3624614197530864 0.5439814814814814 0.011959876543209876 0.03125
2 0.5557484567901234 0.44849537037037035 0.022762345679012343 0.041666666666666664
1 0.5048225308641975 0.5842013888888888 0.019675925925925923 0.02488425925925926
2 0.751736111111111 0.544849537037037 0.022762345679012343 0.017939814814814815
2 0.7515432098765432 0.4348958333333333 0.014660493827160493 0.03877314814814815
2 0.7104552469135802 0.42592592592592593 0.011959876543209876 0.02662037037037037
2 0.6439043209876543 0.38599537037037035 0.016975308641975308 0.041666666666666664
2 0.7278163580246914 0.31568287037037035 0.008873456790123456 0.022569444444444444
2 0.5617283950617283 0.28153935185185186 0.020833333333333332 0.013310185185185185
