2 0.2625868055555555 0.3548900462962963 0.1150173611111111 0.12586805555555555
2 0.4324001736111111 0.4040798611111111 0.07269965277777778 0.12297453703703703
2 0.5159505208333333 0.3693576388888889 0.07703993055555555 0.20399305555555555
2 0.5078125 0.5813078703703703 0.07378472222222222 0.08969907407407407
2 0.6640625 0.5986689814814814 0.10416666666666666 0.08969907407407407
2 0.7085503472222222 0.48582175925925924 0.028211805555555552 0.07233796296296297
2 0.5967881944444444 0.33608217592592593 0.05859375 0.12297453703703703
2 0.7671440972222222 0.5031828703703703 0.056423611111111105 0.11574074074074073
2 0.576171875 0.9046585648148148 0.013020833333333332 0.027488425925925923
2 0.03200954861111111 0.9620949074074073 0.06401909722222222 0.04224537037037037
