2 0.01755401234567901 0.5203993055555556 0.03510802469135802 0.06915509259259259
2 0.12683256172839505 0.44892939814814814 0.03530092592592592 0.06741898148148148
2 0.1273148148148148 0.5140335648148148 0.015046296296296295 0.027488425925925923
2 0.3030478395061728 0.6105324074074073 0.02353395061728395 0.06597222222222222
2 0.4011381172839506 0.3878761574074074 0.02681327160493827 0.0546875
2 0.47135416666666663 0.3870081018518518 0.044945987654320986 0.056423611111111105
2 0.5125385802469136 0.5036168981481481 0.04822530864197531 0.06741898148148148
2 0.4793595679012345 0.6987847222222222 0.03742283950617284 0.07233796296296297
2 0.6080246913580246 0.6795428240740741 0.022376543209876542 0.04658564814814815
2 0.7285879629629629 0.28573495370370366 0.03433641975308642 0.033854166666666664
3 0.1169945987654321 0.09910300925925926 0.02334104938271605 0.04253472222222222
