2 0.14776234567901234 0.7676504629629629 0.013888888888888888 0.017939814814814815
2 0.21739969135802467 0.810474537037037 0.018132716049382713 0.01909722222222222
2 0.6805555555555555 0.10706018518518517 0.013888888888888888 0.017361111111111112
2 0.5275848765432098 0.8550347222222222 0.025848765432098762 0.03298611111111111
2 0.5306712962962963 0.5908564814814814 0.019675925925925923 0.03009259259259259
2 0.6498842592592592 0.7783564814814814 0.022762345679012343 0.03125
2 0.7002314814814814 0.6889467592592592 0.020833333333333332 0.02372685185185185
2 0.7096836419753086 0.7228009259259259 0.011959876543209876 0.020833333333333332
2 0.7422839506172839 0.5865162037037037 0.020061728395061727 0.03877314814814815
2 0.7976466049382716 0.5416666666666666 0.009645061728395061 0.020833333333333332
2 0.7561728395061728 0.5150462962962963 0.023919753086419752 0.03587962962962963
2 0.6433256172839505 0.5419560185185185 0.019675925925925923 0.029513888888888888
2 0.6496913580246914 0.45283564814814814 0.014660493827160493 0.02372685185185185
2 0.7002314814814814 0.43807870370370366 0.018518518518518517 0.02662037037037037
2 0.6784336419753086 0.4861111111111111 0.011188271604938271 0.016203703703703703
2 0.8643904320987654 0.4548611111111111 0.011188271604938271 0.016203703703703703
3 0.8094135802469136 0.6154513888888888 0.12654320987654322 0.16493055555555555
