2 0.9660493827160493 0.7068865740740741 0.021604938271604937 0.043402777777777776
2 0.9178240740740741 0.06597222222222222 0.04089506172839506 0.07060185185185185
2 0.7046682098765432 0.6099537037037037 0.02970679012345679 0.041666666666666664
3 0.6358024691358024 0.6140046296296297 0.06018518518518518 0.10532407407407407
2 0.6541280864197531 0.4618055555555555 0.02199074074074074 0.0474537037037037
2 0.6990740740740741 0.4973958333333333 0.024691358024691357 0.03877314814814815
2 0.7349537037037036 0.4438657407407407 0.024691358024691357 0.0625
2 0.7881944444444444 0.3891782407407407 0.018518518518518517 0.029513888888888888
2 0.7997685185185185 0.24739583333333331 0.017746913580246913 0.03414351851851852
2 0.8510802469135802 0.15538194444444445 0.010030864197530864 0.01909722222222222
2 0.769483024691358 0.20283564814814814 0.008873456790123456 0.007523148148148148
2 0.8020833333333333 0.5396412037037037 0.024691358024691357 0.03993055555555555
2 0.689236111111111 0.7482638888888888 0.01890432098765432 0.032407407407407406
2 0.617091049382716 0.7873263888888888 0.02662037037037037 0.03414351851851852
2 0.46624228395061723 0.6516203703703703 0.02353395061728395 0.032407407407407406
2 0.5127314814814814 0.41290509259259256 0.029320987654320986 0.03298611111111111
2 0.49691358024691357 0.3058449074074074 0.021604938271604937 0.03530092592592592
2 0.4870756172839506 0.2384259259259259 0.019675925925925923 0.02199074074074074
2 0.4349922839506173 0.21122685185185183 0.01890432098765432 0.020833333333333332
2 0.40682870370370366 0.1915509259259259 0.011959876543209876 0.015046296296296295
2 0.3726851851851852 0.2806712962962963 0.020833333333333332 0.03009259259259259
2 0.23379629629629628 0.3058449074074074 0.011574074074074073 0.017939814814814815
2 0.285108024691358 0.39265046296296297 0.017746913580246913 0.02835648148148148
2 0.25559413580246915 0.6302083333333333 0.015817901234567902 0.027777777777777776
2 0.2075617283950617 0.5989583333333333 0.016975308641975308 0.027777777777777776
2 0.236304012345679 0.5153356481481481 0.015046296296296295 0.029513888888888888
2 0.2224151234567901 0.45283564814814814 0.015046296296296295 0.029513888888888888
2 0.18422067901234568 0.44184027777777773 0.019675925925925923 0.022569444444444444
2 0.1867283950617284 0.4794560185185185 0.013117283950617283 0.017939814814814815
2 0.2079475308641975 0.5112847222222222 0.017746913580246913 0.02835648148148148
