2 0.24069940476190474 0.2536375661375661 0.041914682539682536 0.03306878306878307
2 0.41815476190476186 0.18171296296296297 0.1165674603174603 0.06779100529100529
2 0.37227182539682535 0.11689814814814814 0.013888888888888888 0.018849206349206348
2 0.46875 0.4052579365079365 0.012896825396825396 0.026124338624338623
2 0.4753224206349206 0.45634920634920634 0.015128968253968252 0.02447089947089947
2 0.35292658730158727 0.5907738095238095 0.013888888888888888 0.02017195767195767
2 0.40674603174603174 0.6749338624338624 0.013888888888888888 0.015873015873015872
2 0.5653521825396826 0.5555555555555556 0.01413690476190476 0.02447089947089947
2 0.6003224206349206 0.38078703703703703 0.015128968253968252 0.022817460317460316
2 0.7782738095238095 0.46064814814814814 0.017361111111111112 0.015873015873015872
2 0.8413938492063492 0.5152116402116402 0.009672619047619048 0.018518518518518517
