2 0.2275270061728395 0.6370081018518519 0.022569444444444444 0.038483796296296294
2 0.17081404320987653 0.6442418981481481 0.0160108024691358 0.030381944444444444
2 0.18258101851851852 0.9552951388888888 0.05034722222222222 0.061053240740740734
2 0.19646990740740738 0.6313657407407407 0.018325617283950615 0.024305555555555552
2 0.18894675925925924 0.7495659722222222 0.011766975308641976 0.0546875
2 0.3004436728395062 0.6763599537037037 0.058834876543209874 0.07899305555555555
2 0.4868827160493827 0.5583043981481481 0.041666666666666664 0.04832175925925926
2 0.5903742283950617 0.5685763888888888 0.07079475308641975 0.0949074074074074
2 0.48263888888888884 0.4134837962962963 0.016203703703703703 0.05150462962962963
2 0.5533371913580246 0.4383680555555555 0.07619598765432098 0.06597222222222222
2 0.7129629629629629 0.6329571759259259 0.028935185185185182 0.04658564814814815
2 0.7896412037037036 0.6692708333333333 0.03645833333333333 0.057870370370370364
2 0.6535493827160493 0.46412037037037035 0.021604938271604937 0.04976851851851852
2 0.5555555555555556 0.3700810185185185 0.024691358024691357 0.028935185185185182
2 0.5227623456790124 0.26316550925925924 0.0470679012345679 0.08188657407407407
2 0.6085069444444444 0.2624421296296296 0.06655092592592592 0.109375
2 0.7322530864197531 0.33478009259259256 0.06751543209876543 0.0931712962962963
2 0.7709297839506173 0.4673032407407407 0.0160108024691358 0.020833333333333332
2 0.32619598765432095 0.49884259259259256 0.027391975308641972 0.0318287037037037
2 0.36371527777777773 0.4729456018518518 0.055748456790123455 0.06568287037037036
3 0.3657407407407407 0.7782118055555555 0.04359567901234568 0.04253472222222222
