2 0.2576195987654321 0.5533854166666666 0.08043981481481481 0.08998842592592592
2 0.21846064814814814 0.16044560185185183 0.13290895061728394 0.15596064814814814
2 0.2873263888888889 0.03153935185185185 0.04031635802469136 0.0630787037037037
2 0.3153935185185185 0.15147569444444445 0.0783179012345679 0.0546875
2 0.5025077160493827 0.4376446759259259 0.05362654320987654 0.06452546296296297
2 0.42428626543209874 0.6232638888888888 0.021412037037037035 0.05613425925925926
2 0.535108024691358 0.5261863425925926 0.05246913580246913 0.08362268518518517
2 0.8303433641975309 0.34360532407407407 0.02797067901234568 0.033854166666666664
2 0.8770254629629629 0.41681134259259256 0.022569444444444444 0.044849537037037035
2 0.6086033950617283 0.125 0.08140432098765432 0.04976851851851852
2 0.7853009259259259 0.051070601851851846 0.03433641975308642 0.05295138888888889
3 0.7486496913580246 0.3861400462962963 0.3125 0.40943287037037035
3 0.08150077160493827 0.09244791666666666 0.14756944444444445 0.1345486111111111
3 0.22482638888888887 0.06712962962962962 0.10050154320987653 0.13020833333333331
