2 0.2679398148148148 0.3489583333333333 0.04205246913580247 0.06481481481481481
2 0.5003858024691358 0.7242476851851851 0.035493827160493825 0.05613425925925926
2 0.5530478395061728 0.49363425925925924 0.02662037037037037 0.05439814814814815
2 0.6410108024691358 0.6342592592592592 0.028935185185185182 0.03009259259259259
2 0.7158564814814814 0.7381365740740741 0.07600308641975308 0.0642361111111111
2 0.5434027777777778 0.29340277777777773 0.02662037037037037 0.04050925925925926
2 0.6784336419753086 0.3041087962962963 0.14699074074074073 0.1255787037037037
2 0.23996913580246912 0.2902199074074074 0.013888888888888888 0.03414351851851852
2 0.2999614197530864 0.2638888888888889 0.018132716049382713 0.032407407407407406
2 0.3487654320987654 0.2109375 0.013117283950617283 0.022569444444444444
2 0.4039351851851852 0.23871527777777776 0.024691358024691357 0.046875
