2 0.016975308641975308 0.7627314814814814 0.013888888888888888 0.020833333333333332
2 0.05304783950617284 0.9221643518518517 0.01273148148148148 0.017939814814814815
2 0.126929012345679 0.8217592592592592 0.013117283950617283 0.01273148148148148
2 0.13503086419753085 0.7274305555555555 0.011574074074074073 0.017361111111111112
2 0.1896219135802469 0.8174189814814814 0.009645061728395061 0.014467592592592591
2 0.2384259259259259 0.837673611111111 0.014660493827160493 0.015625
2 0.24594907407407407 0.4074074074074074 0.017361111111111112 0.020833333333333332
2 0.33757716049382713 0.5706018518518519 0.013888888888888888 0.041666666666666664
2 0.46932870370370366 0.359375 0.015817901234567902 0.020833333333333332
2 0.4072145061728395 0.5231481481481481 0.02044753086419753 0.020833333333333332
2 0.5073302469135802 0.5859375 0.010802469135802469 0.017939814814814815
2 0.5841049382716049 0.5353009259259259 0.013888888888888888 0.016203703703703703
2 0.7035108024691358 0.4994212962962963 0.015046296296296295 0.020833333333333332
2 0.7303240740740741 0.4186921296296296 0.014660493827160493 0.014467592592592591
