2 0.6633873456790124 0.7934027777777777 0.03742283950617284 0.06597222222222222
2 0.790895061728395 0.6866319444444444 0.024691358024691357 0.022569444444444444
2 0.5968364197530864 0.6414930555555555 0.03317901234567901 0.048032407407407406
2 0.1898148148148148 0.5190972222222222 0.02854938271604938 0.057870370370370364
2 0.11304012345679011 0.6857638888888888 0.023919753086419752 0.03819444444444444
2 0.2071759259259259 0.7103587962962963 0.035493827160493825 0.05150462962962963
2 0.3138503086419753 0.579861111111111 0.06134259259259259 0.07291666666666666
2 0.4612268518518518 0.5737847222222222 0.02970679012345679 0.02835648148148148
2 0.3015046296296296 0.3958333333333333 0.03279320987654321 0.046296296296296294
2 0.41030092592592593 0.3038194444444444 0.01890432098765432 0.048611111111111105
2 0.4525462962962963 0.3266782407407407 0.027777777777777776 0.05381944444444444
2 0.45389660493827155 0.2578125 0.03047839506172839 0.043402777777777776
2 0.6363811728395061 0.4134837962962963 0.02353395061728395 0.043402777777777776
2 0.7129629629629629 0.3689236111111111 0.024691358024691357 0.043402777777777776
2 0.7685185185185185 0.375 0.013117283950617283 0.027777777777777776
2 0.7006172839506173 0.5188078703703703 0.017746913580246913 0.03993055555555555
1 0.7280092592592592 0.6221064814814814 0.10185185185185185 0.08912037037037036
2 0.7515432098765432 0.5439814814814814 0.020833333333333332 0.04282407407407407
2 0.8387345679012346 0.634548611111111 0.024691358024691357 0.03993055555555555
2 0.8653549382716049 0.6264467592592592 0.013117283950617283 0.04108796296296296
2 0.8890817901234568 0.6027199074074073 0.016589506172839504 0.05034722222222222
2 0.8881172839506173 0.6710069444444444 0.014660493827160493 0.03298611111111111
