2 0.142554012345679 0.8327546296296295 0.03742283950617284 0.07060185185185185
2 0.007716049382716049 0.5243055555555556 0.015432098765432098 0.03587962962962963
2 0.27334104938271603 0.39322916666666663 0.028935185185185182 0.03414351851851852
2 0.35628858024691357 0.5199652777777778 0.02353395061728395 0.043402777777777776
2 0.3900462962962963 0.3914930555555555 0.020061728395061727 0.030671296296296294
2 0.4992283950617284 0.40451388888888884 0.024691358024691357 0.04976851851851852
2 0.44521604938271603 0.5998263888888888 0.032407407407407406 0.01909722222222222
2 0.5679012345679012 0.6287615740740741 0.02700617283950617 0.01909722222222222
2 0.6763117283950617 0.5451388888888888 0.03317901234567901 0.05439814814814815
2 0.6138117283950617 0.4403935185185185 0.029320987654320986 0.041666666666666664
2 0.7170138888888888 0.390625 0.018132716049382713 0.02546296296296296
2 0.7883873456790123 0.4560185185185185 0.03047839506172839 0.02662037037037037
2 0.769483024691358 0.6310763888888888 0.02662037037037037 0.030671296296296294
2 0.7930169753086419 0.787037037037037 0.018132716049382713 0.037037037037037035
2 0.9542824074074073 0.7462384259259259 0.017361111111111112 0.03530092592592592
2 0.09182098765432098 0.6866319444444444 0.018518518518518517 0.022569444444444444
