2 0.1923225308641975 0.6319444444444444 0.015046296296296295 0.032407407407407406
2 0.40412808641975306 0.8206018518518519 0.018132716049382713 0.03356481481481481
2 0.32523148148148145 0.9140625 0.013117283950617283 0.030671296296296294
2 0.41203703703703703 0.3289930555555555 0.02546296296296296 0.030671296296296294
2 0.5653935185185185 0.3498263888888889 0.025848765432098762 0.043402777777777776
2 0.4741512345679012 0.650173611111111 0.016975308641975308 0.043402777777777776
2 0.4994212962962963 0.7514467592592592 0.03125 0.043402777777777776
2 0.5825617283950617 0.6993634259259259 0.019290123456790122 0.04456018518518518
2 0.6959876543209876 0.7161458333333333 0.02546296296296296 0.043402777777777776
2 0.8481867283950617 0.5546875 0.025848765432098762 0.054976851851851846
2 0.8636188271604938 0.29282407407407407 0.02044753086419753 0.028935185185185182
2 0.5898919753086419 0.47453703703703703 0.021604938271604937 0.04513888888888889
2 0.6365740740740741 0.36979166666666663 0.018518518518518517 0.03819444444444444
2 0.8647762345679012 0.09027777777777778 0.022762345679012343 0.032407407407407406
2 0.9691358024691358 0.009837962962962962 0.019290123456790122 0.019675925925925923
2 0.6842206790123456 0.07002314814814814 0.015046296296296295 0.024305555555555552
2 0.6348379629629629 0.014467592592592591 0.01273148148148148 0.028935185185185182
2 0.671875 0.010416666666666666 0.02044753086419753 0.020833333333333332
2 0.1398533950617284 0.11342592592592592 0.017361111111111112 0.03009259259259259
3 0.37133487654320985 0.6203703703703703 0.07523148148148148 0.17824074074074073
