2 0.05304783950617284 0.39293981481481477 0.015046296296296295 0.037037037037037035
2 0.08082561728395062 0.47916666666666663 0.025848765432098762 0.041666666666666664
2 0.24440586419753085 0.41001157407407407 0.02044753086419753 0.0318287037037037
2 0.3047839506172839 0.5740740740740741 0.016975308641975308 0.041666666666666664
2 0.35841049382716045 0.615162037037037 0.013117283950617283 0.020833333333333332
2 0.38252314814814814 0.6391782407407407 0.018132716049382713 0.03414351851851852
2 0.5636574074074073 0.7427662037037036 0.02700617283950617 0.03877314814814815
2 0.6022376543209876 0.7575231481481481 0.018518518518518517 0.028935185185185182
2 0.7087191358024691 0.7864583333333333 0.019290123456790122 0.028935185185185182
2 0.6118827160493827 0.6142939814814814 0.018518518518518517 0.03530092592592592
2 0.5985725308641975 0.37152777777777773 0.021219135802469133 0.032407407407407406
2 0.6606867283950617 0.4091435185185185 0.01273148148148148 0.020833333333333332
