0 0.9728009259259258 0.4114583333333333 0.02816358024691358 0.03819444444444444
2 0.16203703703703703 0.5338541666666666 0.020833333333333332 0.03993055555555555
2 0.1421682098765432 0.6333912037037037 0.01890432098765432 0.03414351851851852
2 0.2492283950617284 0.6197916666666666 0.020833333333333332 0.02199074074074074
2 0.2891589506172839 0.6539351851851851 0.02970679012345679 0.05208333333333333
2 0.33757716049382713 0.7311921296296295 0.023919753086419752 0.03414351851851852
2 0.41280864197530864 0.6524884259259259 0.017746913580246913 0.03414351851851852
2 0.3657407407407407 0.8119212962962963 0.020833333333333332 0.02662037037037037
2 0.44695216049382713 0.7844328703703703 0.01273148148148148 0.01909722222222222
2 0.46778549382716045 0.8498263888888888 0.03279320987654321 0.03993055555555555
2 0.5395447530864197 0.7132523148148148 0.02970679012345679 0.03761574074074074
2 0.5374228395061728 0.5315393518518519 0.017746913580246913 0.02372685185185185
2 0.45987654320987653 0.5821759259259259 0.024691358024691357 0.02662037037037037
2 0.425733024691358 0.49884259259259256 0.011959876543209876 0.017361111111111112
2 0.6693672839506173 0.4522569444444444 0.024691358024691357 0.04918981481481481
2 0.7131558641975309 0.5529513888888888 0.022762345679012343 0.02488425925925926
2 0.814429012345679 0.6383101851851851 0.033950617283950615 0.03587962962962963
2 0.7110339506172839 0.24826388888888887 0.024691358024691357 0.041666666666666664
2 0.7476851851851851 0.24797453703703703 0.014660493827160493 0.03298611111111111
2 0.890625 0.4282407407407407 0.009645061728395061 0.02546296296296296
