2 0.12962962962962962 0.8457754629629629 0.03317901234567901 0.048032407407407406
2 0.059027777777777776 0.9403935185185185 0.022376543209876542 0.028935185185185182
2 0.25559413580246915 0.9421296296296295 0.03665123456790123 0.05439814814814815
2 0.3782793209876543 0.8657407407407407 0.018132716049382713 0.037037037037037035
2 0.3204089506172839 0.8394097222222222 0.02044753086419753 0.03530092592592592
2 0.2336033950617284 0.7508680555555555 0.02662037037037037 0.022569444444444444
2 0.2640817901234568 0.697048611111111 0.0320216049382716 0.046875
2 0.13175154320987653 0.5980902777777778 0.028935185185185182 0.03877314814814815
2 0.6323302469135802 0.7540509259259259 0.030864197530864196 0.041666666666666664
2 0.6950231481481481 0.6649305555555555 0.01273148148148148 0.020833333333333332
2 0.736111111111111 0.6493055555555555 0.016203703703703703 0.028935185185185182
2 0.7355324074074073 0.7170138888888888 0.015046296296296295 0.02546296296296296
2 0.7866512345679012 0.5167824074074073 0.016203703703703703 0.020833333333333332
2 0.3649691358024691 0.3761574074074074 0.016975308641975308 0.04513888888888889
2 0.2700617283950617 0.46469907407407407 0.020061728395061727 0.03587962962962963
2 0.2224151234567901 0.43576388888888884 0.021219135802469133 0.05092592592592592
2 0.1923225308641975 0.37471064814814814 0.015046296296296295 0.022569444444444444
2 0.25925925925925924 0.34259259259259256 0.011574074074074073 0.02546296296296296
2 0.7042824074074073 0.513599537037037 0.01273148148148148 0.02372685185185185
