2 0.28703703703703703 0.8087384259259259 0.04398148148148148 0.05150462962962963
2 0.4114583333333333 0.6866319444444444 0.03973765432098765 0.054976851851851846
2 0.2685185185185185 0.44791666666666663 0.019290123456790122 0.020833333333333332
2 0.6429398148148148 0.6296296296296295 0.03742283950617284 0.037037037037037035
0 0.8053626543209876 0.24594907407407407 0.07060185185185185 0.09027777777777778
0 0.851466049382716 0.15277777777777776 0.013117283950617283 0.019675925925925923
2 0.30709876543209874 0.1640625 0.03626543209876543 0.06770833333333333
2 0.07021604938271604 0.4855324074074074 0.04089506172839506 0.0775462962962963
2 0.18344907407407407 0.6478587962962963 0.057484567901234566 0.07002314814814814
2 0.2179783950617284 0.5714699074074073 0.043209876543209874 0.06539351851851852
2 0.78125 0.051215277777777776 0.048611111111111105 0.03414351851851852
