2 0.08892746913580246 0.4913194444444444 0.016589506172839504 0.02662037037037037
2 0.06963734567901234 0.5789930555555555 0.011959876543209876 0.027199074074074073
2 0.16396604938271603 0.5775462962962963 0.010802469135802469 0.020833333333333332
2 0.2027391975308642 0.6108217592592592 0.01890432098765432 0.03414351851851852
2 0.24652777777777776 0.6767939814814814 0.017746913580246913 0.029513888888888888
2 0.2677469135802469 0.7583912037037036 0.020833333333333332 0.02372685185185185
2 0.3603395061728395 0.7942708333333333 0.02546296296296296 0.02372685185185185
2 0.34008487654320985 0.7340856481481481 0.011188271604938271 0.016782407407407406
2 0.3157793209876543 0.6145833333333333 0.019675925925925923 0.03009259259259259
2 0.421875 0.6762152777777778 0.015817901234567902 0.02835648148148148
2 0.35648148148148145 0.5500578703703703 0.020061728395061727 0.02488425925925926
2 0.3248456790123457 0.4716435185185185 0.007716049382716049 0.010416666666666666
2 0.4266975308641975 0.5046296296296297 0.017746913580246913 0.020833333333333332
2 0.5482253086419753 0.43721064814814814 0.017746913580246913 0.043402777777777776
2 0.5850694444444444 0.5335648148148148 0.015817901234567902 0.02546296296296296
2 0.6680169753086419 0.607349537037037 0.015817901234567902 0.02372685185185185
2 0.8429783950617283 0.532986111111111 0.013888888888888888 0.017361111111111112
2 0.7471064814814814 0.4210069444444444 0.005787037037037037 0.016782407407407406
0 0.8263888888888888 0.4097222222222222 0.023919753086419752 0.032407407407407406
2 0.5923996913580246 0.2569444444444444 0.01890432098765432 0.032407407407407406
2 0.6246141975308641 0.2589699074074074 0.013888888888888888 0.03414351851851852
