2 0.3296682098765432 0.49045138888888884 0.02353395061728395 0.03877314814814815
2 0.46566358024691357 0.5138888888888888 0.02546296296296296 0.037037037037037035
2 0.7453703703703703 0.8857060185185185 0.021604938271604937 0.03530092592592592
2 0.0636574074074074 0.7743055555555555 0.016975308641975308 0.024305555555555552
2 0.6070601851851851 0.09751157407407407 0.02353395061728395 0.03993055555555555
2 0.6896219135802468 0.11024305555555555 0.02816358024691358 0.043402777777777776
2 0.7496141975308641 0.05873842592592592 0.023919753086419752 0.03414351851851852
2 0.7947530864197531 0.08449074074074074 0.019290123456790122 0.04050925925925926
2 0.9714506172839505 0.32233796296296297 0.02546296296296296 0.037037037037037035
2 0.7312885802469136 0.23640046296296294 0.019675925925925923 0.02372685185185185
2 0.7629243827160493 0.22193287037037035 0.019675925925925923 0.06076388888888889
