2 0.46932870370370366 0.7129629629629629 0.015817901234567902 0.024305555555555552
2 0.7897376543209876 0.5732060185185185 0.016203703703703703 0.03645833333333333
2 0.8186728395061728 0.4325810185185185 0.011574074074074073 0.022569444444444444
2 0.6766975308641975 0.26620370370370366 0.027777777777777776 0.04976851851851852
2 0.6365740740740741 0.38599537037037035 0.011574074074074073 0.009259259259259259
2 0.7312885802469136 0.3723958333333333 0.015046296296296295 0.017939814814814815
2 0.43113425925925924 0.38252314814814814 0.005015432098765432 0.010416666666666666
2 0.19270833333333331 0.42245370370370366 0.011188271604938271 0.02199074074074074
2 0.8416280864197531 0.5784143518518519 0.015046296296296295 0.01909722222222222
2 0.8530092592592592 0.5870949074074073 0.007716049382716049 0.013310185185185185
2 0.7239583333333333 0.5471643518518519 0.008873456790123456 0.013310185185185185
2 0.7052469135802468 0.5515046296296297 0.006944444444444444 0.019675925925925923
2 0.41724537037037035 0.48263888888888884 0.01273148148148148 0.020833333333333332
2 0.3940972222222222 0.4973958333333333 0.011959876543209876 0.02025462962962963
2 0.43460648148148145 0.6472800925925926 0.011959876543209876 0.017939814814814815
2 0.30246913580246915 0.5575810185185185 0.016975308641975308 0.02835648148148148
2 0.3337191358024691 0.4461805555555555 0.007716049382716049 0.010416666666666666
2 0.2685185185185185 0.2835648148148148 0.010030864197530864 0.011574074074074073
2 0.23418209876543208 0.31626157407407407 0.006944444444444444 0.008680555555555556
2 0.2673611111111111 0.4626736111111111 0.013888888888888888 0.013310185185185185
2 0.2986111111111111 0.4534143518518518 0.016975308641975308 0.01909722222222222
2 0.2366898148148148 0.5298032407407407 0.015817901234567902 0.017939814814814815
2 0.205054012345679 0.6012731481481481 0.015817901234567902 0.017361111111111112
2 0.1739969135802469 0.4678819444444444 0.010802469135802469 0.017939814814814815
2 0.22685185185185183 0.4794560185185185 0.016203703703703703 0.02372685185185185
