2 0.5461033950617283 0.40682870370370366 0.01273148148148148 0.016203703703703703
2 0.6091820987654321 0.4117476851851852 0.02546296296296296 0.05150462962962963
2 0.638695987654321 0.37702546296296297 0.02044753086419753 0.030671296296296294
2 0.6844135802469136 0.4331597222222222 0.019290123456790122 0.043402777777777776
2 0.38888888888888884 0.5474537037037037 0.024691358024691357 0.027777777777777776
2 0.322145061728395 0.3723958333333333 0.03009259259259259 0.05613425925925926
2 0.2224151234567901 0.6730324074074073 0.01273148148148148 0.024305555555555552
2 0.08352623456790123 0.6825810185185185 0.02044753086419753 0.017939814814814815
2 0.9023919753086419 0.8440393518518519 0.030864197530864196 0.0318287037037037
2 0.9446373456790123 0.9421296296296295 0.021219135802469133 0.02546296296296296
2 0.8717206790123456 0.9074074074074073 0.017361111111111112 0.020833333333333332
2 0.9762731481481481 0.9508101851851851 0.01427469135802469 0.020833333333333332
2 0.8400848765432098 0.23640046296296294 0.02662037037037037 0.03530092592592592
