2 0.31983024691358025 0.20804398148148148 0.02546296296296296 0.05034722222222222
2 0.4454089506172839 0.10358796296296295 0.03973765432098765 0.057870370370370364
2 0.5291280864197531 0.3015046296296296 0.04436728395061728 0.0949074074074074
2 0.5864197530864197 0.21614583333333331 0.030864197530864196 0.04571759259259259
2 0.6720679012345678 0.24508101851851852 0.027777777777777776 0.04108796296296296
2 0.6844135802469136 0.2962962962962963 0.038580246913580245 0.057870370370370364
2 0.7669753086419753 0.4403935185185185 0.029320987654320986 0.05208333333333333
2 0.8242669753086419 0.6331018518518519 0.02970679012345679 0.048611111111111105
2 0.8119212962962963 0.7459490740740741 0.03665123456790123 0.06134259259259259
2 0.7303240740740741 0.7621527777777778 0.035493827160493825 0.048611111111111105
2 0.44907407407407407 0.7378472222222222 0.034722222222222224 0.05671296296296296
2 0.43904320987654316 0.599537037037037 0.03626543209876543 0.07407407407407407
2 0.4245756172839506 0.47800925925925924 0.025848765432098762 0.03587962962962963
