2 0.25925925925925924 0.4487847222222222 0.013888888888888888 0.022569444444444444
2 0.4533179012345679 0.3368055555555555 0.016203703703703703 0.04976851851851852
2 0.7110339506172839 0.5217013888888888 0.021604938271604937 0.02372685185185185
2 0.6429398148148148 0.39496527777777773 0.011959876543209876 0.030671296296296294
2 0.7035108024691358 0.28703703703703703 0.017361111111111112 0.03356481481481481
2 0.7685185185185185 0.29832175925925924 0.024691358024691357 0.03645833333333333
2 0.8192515432098765 0.3214699074074074 0.015046296296296295 0.01909722222222222
2 0.859375 0.29108796296296297 0.02044753086419753 0.041666666666666664
2 0.8472222222222222 0.17766203703703703 0.016975308641975308 0.04050925925925926
2 0.9837962962962963 0.07002314814814814 0.016203703703703703 0.017361111111111112
2 0.9891975308641975 0.7962962962962963 0.020833333333333332 0.023148148148148147
2 0.35802469135802467 0.5245949074074073 0.024691358024691357 0.03414351851851852
2 0.37480709876543206 0.4861111111111111 0.016589506172839504 0.03125
