2 0.2814429012345679 0.8819444444444444 0.02353395061728395 0.037037037037037035
2 0.3707561728395061 0.7731481481481481 0.020061728395061727 0.028935185185185182
2 0.40451388888888884 0.8955439814814814 0.021219135802469133 0.04224537037037037
2 0.43229166666666663 0.7815393518518519 0.02353395061728395 0.03530092592592592
2 0.4544753086419753 0.7060185185185185 0.016203703703703703 0.028935185185185182
2 0.5123456790123456 0.7659143518518519 0.022376543209876542 0.030671296296296294
2 0.1537422839506173 0.39207175925925924 0.011959876543209876 0.07465277777777778
2 0.19830246913580246 0.4453125 0.013888888888888888 0.029513888888888888
2 0.21739969135802467 0.5130208333333333 0.016589506172839504 0.02488425925925926
2 0.24517746913580246 0.48929398148148145 0.015046296296296295 0.02488425925925926
2 0.3005401234567901 0.4386574074074074 0.014660493827160493 0.03125
2 0.3153935185185185 0.5969328703703703 0.02662037037037037 0.029513888888888888
2 0.36786265432098764 0.5596064814814814 0.01890432098765432 0.02662037037037037
2 0.37133487654320985 0.3839699074074074 0.009645061728395061 0.022569444444444444
2 0.32233796296296297 0.2488425925925926 0.02044753086419753 0.04050925925925926
2 0.33912037037037035 0.4192708333333333 0.016975308641975308 0.03414351851851852
2 0.3780864197530864 0.4291087962962963 0.017746913580246913 0.048032407407407406
2 0.4602623456790123 0.5240162037037037 0.020061728395061727 0.03877314814814815
2 0.49729938271604934 0.5034722222222222 0.010802469135802469 0.02662037037037037
2 0.4855324074074074 0.45370370370370366 0.01890432098765432 0.037037037037037035
2 0.5420524691358024 0.32436342592592593 0.020833333333333332 0.04571759259259259
2 0.5383873456790124 0.5011574074074073 0.02353395061728395 0.046296296296296294
2 0.5279706790123456 0.5946180555555555 0.01273148148148148 0.01909722222222222
2 0.5794753086419753 0.4655671296296296 0.030864197530864196 0.04571759259259259
2 0.617091049382716 0.5211226851851851 0.015046296296296295 0.03877314814814815
2 0.6180555555555555 0.5818865740740741 0.016975308641975308 0.02372685185185185
2 0.6556712962962963 0.4759837962962963 0.016589506172839504 0.03414351851851852
2 0.7411265432098765 0.5011574074074073 0.017746913580246913 0.06944444444444445
