2 0.62085262345679 0.8684895833333333 0.06963734567901234 0.1316550925925926
2 0.5142746913580246 0.9768518518518517 0.02353395061728395 0.043402777777777776
2 0.24575617283950615 0.9778645833333333 0.018132716049382713 0.038483796296296294
2 0.5046296296296297 0.8323206018518519 0.02353395061728395 0.030381944444444444
2 0.6493055555555555 0.9479166666666666 0.010802469135802469 0.014467592592592591
2 0.6309799382716049 0.974537037037037 0.019290123456790122 0.016203703703703703
2 0.7253086419753086 0.9609375 0.010802469135802469 0.024305555555555552
2 0.8586998456790123 0.9223090277777777 0.031057098765432098 0.06568287037037036
2 0.7114197530864197 0.7864583333333333 0.027777777777777776 0.041666666666666664
2 0.76929012345679 0.8266782407407407 0.015046296296296295 0.032407407407407406
2 0.8994984567901234 0.5863715277777778 0.03742283950617284 0.05295138888888889
2 0.8673804012345678 0.6964699074074073 0.02025462962962963 0.04513888888888889
2 0.9782021604938271 0.8258101851851851 0.038580246913580245 0.06597222222222222
2 0.9305555555555555 0.3298611111111111 0.041666666666666664 0.05150462962962963
2 0.7687114197530863 0.3628472222222222 0.03973765432098765 0.08854166666666666
2 0.8175154320987654 0.5099826388888888 0.015046296296296295 0.02228009259259259
2 0.5051118827160493 0.01244212962962963 0.02025462962962963 0.020833333333333332
2 0.2849151234567901 0.6708622685185185 0.038580246913580245 0.056423611111111105
2 0.3179976851851852 0.6176215277777778 0.03568672839506173 0.04137731481481481
2 0.33834876543209874 0.5109953703703703 0.0640432098765432 0.07465277777777778
2 0.3962191358024691 0.4416956018518518 0.041666666666666664 0.06684027777777778
2 0.4682677469135802 0.46310763888888884 0.03954475308641975 0.07320601851851852
2 0.4880401234567901 0.5079571759259259 0.05092592592592592 0.06221064814814815
2 0.5276813271604938 0.45240162037037035 0.03645833333333333 0.06684027777777778
