2 0.1025390625 0.5892650462962963 0.07921006944444443 0.06221064814814815
2 0.5164930555555556 0.6493055555555555 0.045572916666666664 0.08391203703703703
2 0.6136067708333333 0.5979456018518519 0.06401909722222222 0.07378472222222222
2 0.6825086805555555 0.5849247685185185 0.05208333333333333 0.056423611111111105
2 0.13834635416666666 0.34403935185185186 0.07921006944444443 0.06944444444444445
2 0.03146701388888889 0.39510995370370366 0.06293402777777778 0.05700231481481481
2 0.4990234375 0.3935185185185185 0.06401909722222222 0.07465277777777778
2 0.5766059027777778 0.39424189814814814 0.05164930555555555 0.12818287037037035
2 0.645290798611111 0.42173032407407407 0.04665798611111111 0.0703125
2 0.6488715277777778 0.5037615740740741 0.03515625 0.07175925925925926
2 0.5936414930555555 0.5065104166666666 0.04665798611111111 0.060474537037037035
