2 0.6316550925925926 0.30092592592592593 0.02681327160493827 0.028935185185185182
2 0.6454475308641975 0.37254050925925924 0.013888888888888888 0.027488425925925923
2 0.974537037037037 0.5228587962962963 0.016203703703703703 0.028935185185185182
2 0.339795524691358 0.958767361111111 0.012152777777777776 0.025752314814814815
2 0.314429012345679 0.6183449074074073 0.012345679012345678 0.030671296296296294
2 0.361207561728395 0.5902777777777778 0.012152777777777776 0.028935185185185182
2 0.3271604938271605 0.6511863425925926 0.011188271604938271 0.025752314814814815
2 0.39361496913580246 0.4942129629629629 0.010223765432098766 0.026041666666666664
2 0.40885416666666663 0.43185763888888884 0.008294753086419752 0.022858796296296294
2 0.4108796296296296 0.5186631944444444 0.016203703703703703 0.03211805555555555
2 0.47636959876543206 0.48668981481481477 0.005208333333333333 0.013888888888888888
2 0.4916087962962963 0.5247395833333333 0.01716820987654321 0.05353009259259259
