2 0.52710262345679 0.4778645833333333 0.02372685185185185 0.025752314814814815
2 0.578028549382716 0.5164930555555556 0.02681327160493827 0.03530092592592592
2 0.9477237654320987 0.45138888888888884 0.011959876543209876 0.014467592592592591
2 0.7961033950617283 0.48263888888888884 0.019290123456790122 0.03877314814814815
2 0.8405671296296295 0.1668113425925926 0.05690586419753086 0.05005787037037037
2 0.4992283950617284 0.1618923611111111 0.01273148148148148 0.033854166666666664
2 0.7483603395061728 0.3758680555555555 0.011766975308641976 0.020833333333333332
2 0.5504436728395061 0.9903067129629629 0.01716820987654321 0.01880787037037037
2 0.5687692901234568 0.9464699074074073 0.01716820987654321 0.016782407407407406
2 0.9311342592592592 0.7242476851851851 0.019290123456790122 0.028935185185185182
2 0.9717399691358024 0.7264178240740741 0.015239197530864196 0.027488425925925923
2 0.9916087962962963 0.7923900462962963 0.016396604938271605 0.03153935185185185
2 0.9347993827160493 0.6838831018518519 0.016203703703703703 0.021122685185185185
2 0.34693287037037035 0.42954282407407407 0.010223765432098766 0.015335648148148147
2 0.3565779320987654 0.44791666666666663 0.027584876543209874 0.024305555555555552
2 0.3718171296296296 0.34809027777777773 0.01716820987654321 0.0318287037037037
2 0.29562114197530864 0.34953703703703703 0.01716820987654321 0.019675925925925923
2 0.2824074074074074 0.4052372685185185 0.011188271604938271 0.018229166666666664
2 0.5987654320987654 0.6686921296296295 0.016203703703703703 0.024305555555555552
2 0.6027199074074073 0.7212094907407407 0.018325617283950615 0.047164351851851846
2 0.8540702160493827 0.24985532407407407 0.021412037037037035 0.021122685185185185
