2 0.20158179012345678 0.986111111111111 0.03125 0.02662037037037037
2 0.1275077160493827 0.4673032407407407 0.03973765432098765 0.059606481481481476
2 0.24324845679012344 0.25810185185185186 0.022762345679012343 0.04976851851851852
2 0.4066358024691358 0.3883101851851852 0.016975308641975308 0.046296296296296294
2 0.4689429012345679 0.2725694444444444 0.03433641975308642 0.06944444444444445
2 0.7935956790123456 0.4728009259259259 0.03009259259259259 0.06712962962962962
2 0.9228395061728395 0.5046296296296297 0.013888888888888888 0.028935185185185182
2 0.9691358024691358 0.47106481481481477 0.019290123456790122 0.06134259259259259
2 0.9473379629629629 0.5465856481481481 0.02044753086419753 0.01909722222222222
2 0.16666666666666666 0.40769675925925924 0.031635802469135804 0.054976851851851846
2 0.21141975308641975 0.3987268518518518 0.020833333333333332 0.04050925925925926
