0 0.104875 0.6412799401197605 0.03375 0.04752994011976048
0 0.9775 0.65999251497006 0.023 0.03330838323353293
1 0.14425 0.5916916167664671 0.028 0.010479041916167666
1 0.18575 0.6627994011976048 0.041 0.03293413173652695
1 0.29275 0.7114520958083833 0.14300000000000002 0.1032934131736527
1 0.26875 0.5243263473053893 0.021 0.02544910179640719
1 0.41725 0.4764221556886228 0.022 0.028443113772455092
1 0.43375 0.5812125748502994 0.065 0.07335329341317366
1 0.28175 0.5729790419161677 0.017 0.017964071856287428
1 0.29825 0.6119011976047904 0.04 0.038922155688622756
1 0.48975 0.7870508982035929 0.07100000000000001 0.0658682634730539
1 0.50825 0.690494011976048 0.014 0.037425149700598806
