1 0.32325 0.7331586826347306 0.038 0.029940119760479042
1 0.40225 0.6994760479041917 0.022 0.02245508982035928
1 0.42975 0.7413922155688624 0.039 0.037425149700598806
1 0.55525 0.6860029940119761 0.064 0.08233532934131738
1 0.48525 0.7698353293413174 0.038 0.031437125748503
1 0.55825 0.7698353293413174 0.012 0.016467065868263474
1 0.36025 0.3723802395209581 0.032 0.04790419161676647
1 0.37775000000000003 0.2945359281437126 0.045 0.023952095808383235
1 0.24375 0.4315119760479042 0.027 0.028443113772455092
1 0.69975 0.6927395209580839 0.045 0.023952095808383235
1 0.63775 0.7174401197604791 0.033 0.02245508982035928
1 0.42025 0.6336077844311377 0.014 0.016467065868263474
