2 0.4226466049382716 0.9528356481481481 0.028935185185185182 0.05613425925925926
2 0.8229166666666666 0.03732638888888889 0.04938271604938271 0.07060185185185185
2 0.6557677469135802 0.22077546296296294 0.01716820987654321 0.028935185185185182
2 0.1707175925925926 0.5309606481481481 0.02044753086419753 0.028935185185185182
2 0.13908179012345678 0.38874421296296297 0.03433641975308642 0.040219907407407406
2 0.17978395061728394 0.3355034722222222 0.019290123456790122 0.040219907407407406
2 0.49459876543209874 0.6929976851851851 0.04359567901234568 0.08506944444444443
2 0.5489004629629629 0.6876446759259259 0.02025462962962963 0.03790509259259259
2 0.45302854938271603 0.6192129629629629 0.03954475308641975 0.05034722222222222
2 0.4368248456790123 0.48365162037037035 0.0476466049382716 0.0714699074074074
2 0.439332561728395 0.37094907407407407 0.054976851851851846 0.08680555555555555
2 0.5184220679012346 0.35865162037037035 0.03452932098765432 0.08072916666666666
2 0.505883487654321 0.28182870370370366 0.0314429012345679 0.039351851851851846
2 0.501736111111111 0.2132523148148148 0.019290123456790122 0.03356481481481481
1 0.5108989197530864 0.6053240740740741 0.021412037037037035 0.028935185185185182
