2 0.9849537037037036 0.2517361111111111 0.024691358024691357 0.04976851851851852
2 0.1419753086419753 0.7725694444444444 0.010030864197530864 0.01273148148148148
2 0.7719907407407407 0.6733217592592592 0.016975308641975308 0.03298611111111111
2 0.2071759259259259 0.40104166666666663 0.013888888888888888 0.02662037037037037
2 0.35551697530864196 0.42766203703703703 0.019675925925925923 0.03587962962962963
2 0.3470293209876543 0.4855324074074074 0.02044753086419753 0.03819444444444444
2 0.4434799382716049 0.22511574074074073 0.018132716049382713 0.037037037037037035
2 0.5314429012345678 0.36082175925925924 0.011959876543209876 0.017939814814814815
2 0.5027006172839505 0.45196759259259256 0.017746913580246913 0.02199074074074074
2 0.4909336419753086 0.5746527777777778 0.015817901234567902 0.02662037037037037
2 0.5586419753086419 0.5011574074074073 0.020833333333333332 0.027777777777777776
2 0.6294367283950617 0.47135416666666663 0.02353395061728395 0.043402777777777776
2 0.6938657407407407 0.37123842592592593 0.015817901234567902 0.027199074074074073
