2 0.3939043209876543 0.14149305555555555 0.019290123456790122 0.022569444444444444
2 0.4093364197530864 0.18518518518518517 0.020061728395061727 0.01273148148148148
2 0.09124228395061727 0.537037037037037 0.028935185185185182 0.048611111111111105
2 0.8759645061728395 0.755787037037037 0.015046296296296295 0.016203703703703703
2 0.27932098765432095 0.2763310185185185 0.031635802469135804 0.05034722222222222
2 0.24903549382716048 0.3133680555555555 0.016589506172839504 0.027199074074074073
2 0.32330246913580246 0.37934027777777773 0.016975308641975308 0.043402777777777776
2 0.361304012345679 0.21903935185185183 0.019675925925925923 0.03414351851851852
2 0.44598765432098764 0.2711226851851852 0.032407407407407406 0.06655092592592592
2 0.5032793209876543 0.3310185185185185 0.016589506172839504 0.032407407407407406
2 0.48051697530864196 0.560474537037037 0.01273148148148148 0.030671296296296294
2 0.5028935185185185 0.6145833333333333 0.025848765432098762 0.05324074074074074
2 0.5380015432098765 0.5818865740740741 0.022762345679012343 0.04456018518518518
2 0.6566358024691358 0.49971064814814814 0.02700617283950617 0.01909722222222222
2 0.740162037037037 0.4157986111111111 0.025848765432098762 0.05613425925925926
2 0.7179783950617283 0.20052083333333331 0.032407407407407406 0.05613425925925926
2 0.5617283950617283 0.2065972222222222 0.030864197530864196 0.041666666666666664
2 0.5231481481481481 0.14583333333333331 0.020833333333333332 0.03587962962962963
2 0.7496141975308641 0.5167824074074073 0.010802469135802469 0.020833333333333332
2 0.8620756172839505 0.6354166666666666 0.03356481481481481 0.03819444444444444
