2 0.16396604938271603 0.23958333333333331 0.03317901234567901 0.048611111111111105
2 0.2845293209876543 0.7702546296296295 0.02970679012345679 0.04513888888888889
2 0.2797067901234568 0.9068287037037036 0.016203703703703703 0.028935185185185182
2 0.4292052469135802 0.6438078703703703 0.04050925925925926 0.046875
2 0.6018518518518519 0.6582754629629629 0.03009259259259259 0.03993055555555555
2 0.3939043209876543 0.17216435185185183 0.03009259259259259 0.026041666666666664
2 0.6296296296296295 0.1351273148148148 0.027777777777777776 0.03530092592592592
2 0.7158564814814814 0.0931712962962963 0.05439814814814815 0.11574074074074073
2 0.7797067901234568 0.23148148148148145 0.04938271604938271 0.08680555555555555
2 0.8053626543209876 0.9493634259259258 0.0320216049382716 0.06886574074074074
