2 0.6844135802469136 0.7887731481481481 0.019290123456790122 0.024305555555555552
2 0.3317901234567901 0.8616898148148148 0.019290123456790122 0.02546296296296296
2 0.3449074074074074 0.7853009259259259 0.013888888888888888 0.017361111111111112
2 0.0320216049382716 0.05324074074074074 0.016203703703703703 0.02546296296296296
2 0.1753472222222222 0.4091435185185185 0.009645061728395061 0.016203703703703703
2 0.21103395061728394 0.2132523148148148 0.02546296296296296 0.043402777777777776
2 0.234375 0.44907407407407407 0.022762345679012343 0.04282407407407407
2 0.27044753086419754 0.45457175925925924 0.013888888888888888 0.02372685185185185
2 0.4212962962962963 0.3275462962962963 0.014660493827160493 0.027777777777777776
2 0.517554012345679 0.21701388888888887 0.015817901234567902 0.020833333333333332
2 0.6240354938271605 0.39670138888888884 0.01273148148148148 0.02372685185185185
2 0.6319444444444444 0.44415509259259256 0.020833333333333332 0.04456018518518518
2 0.5740740740740741 0.47974537037037035 0.017746913580246913 0.02662037037037037
2 0.6388888888888888 0.49450231481481477 0.016975308641975308 0.02372685185185185
2 0.6525848765432098 0.4499421296296296 0.008873456790123456 0.017939814814814815
2 0.7337962962962963 0.41724537037037035 0.014660493827160493 0.024305555555555552
2 0.625 0.3550347222222222 0.014660493827160493 0.017939814814814815
2 0.6859567901234568 0.3153935185185185 0.021604938271604937 0.016203703703703703
2 0.8296682098765432 0.3778935185185185 0.01273148148148148 0.02199074074074074
