2 0.13773148148148148 0.4493634259259259 0.03009259259259259 0.030671296296296294
2 0.27912808641975306 0.1310763888888889 0.017361111111111112 0.03993055555555555
2 0.2881944444444444 0.40827546296296297 0.016203703703703703 0.022569444444444444
2 0.43730709876543206 0.25810185185185186 0.02662037037037037 0.04050925925925926
2 0.5204475308641975 0.5121527777777778 0.019290123456790122 0.04050925925925926
2 0.5829475308641975 0.4913194444444444 0.020061728395061727 0.046296296296296294
2 0.538966049382716 0.5425347222222222 0.011574074074074073 0.014467592592592591
2 0.6028163580246914 0.6183449074074073 0.01273148148148148 0.027199074074074073
2 0.6838348765432098 0.5434027777777778 0.009645061728395061 0.016203703703703703
2 0.7092978395061728 0.6293402777777778 0.009645061728395061 0.017939814814814815
2 0.8096064814814814 0.6440972222222222 0.017361111111111112 0.020833333333333332
2 0.7457561728395061 0.4308449074074074 0.022376543209876542 0.026041666666666664
2 0.6772762345679012 0.30902777777777773 0.006558641975308642 0.013888888888888888
0 0.8236882716049382 0.41898148148148145 0.015432098765432098 0.03009259259259259
