0 0.8396990740740741 0.3368055555555555 0.008873456790123456 0.015046296296296295
2 0.4108796296296296 0.43287037037037035 0.013888888888888888 0.019675925925925923
2 0.5216049382716049 0.41666666666666663 0.011574074074074073 0.02546296296296296
2 0.6271219135802468 0.2702546296296296 0.022762345679012343 0.020833333333333332
2 0.5181327160493827 0.546875 0.016975308641975308 0.03125
2 0.6161265432098765 0.5633680555555555 0.006944444444444444 0.013310185185185185
2 0.5088734567901234 0.5856481481481481 0.010030864197530864 0.010416666666666666
2 0.470679012345679 0.7042824074074073 0.013117283950617283 0.02546296296296296
2 0.5082947530864197 0.7876157407407407 0.01273148148148148 0.02546296296296296
2 0.6531635802469136 0.6270254629629629 0.010030864197530864 0.013310185185185185
2 0.6797839506172839 0.5975115740740741 0.013888888888888888 0.01909722222222222
