2 0.8057484567901234 0.16840277777777776 0.027777777777777776 0.043402777777777776
2 0.6080246913580246 0.15552662037037035 0.02044753086419753 0.01765046296296296
2 0.9209104938271604 0.49320023148148145 0.018132716049382713 0.033854166666666664
2 0.7527006172839505 0.2640335648148148 0.054783950617283944 0.07378472222222222
2 0.5271990740740741 0.08159722222222222 0.04359567901234568 0.03819444444444444
2 0.5707947530864197 0.09592013888888888 0.03973765432098765 0.027488425925925923
2 0.4074074074074074 0.23234953703703703 0.06597222222222222 0.05613425925925926
2 0.20177469135802467 0.2902199074074074 0.022376543209876542 0.028935185185185182
2 0.33931327160493824 0.34129050925925924 0.027391975308641972 0.0396412037037037
2 0.3195408950617284 0.599392361111111 0.04070216049382716 0.047164351851851846
2 0.5113811728395061 0.5163483796296297 0.03047839506172839 0.04890046296296296
2 0.4194637345679012 0.6715856481481481 0.02334104938271605 0.03645833333333333
2 0.3702739197530864 0.7387152777777778 0.02218364197530864 0.03356481481481481
2 0.3184799382716049 0.47366898148148145 0.022376543209876542 0.03645833333333333
2 0.38753858024691357 0.5833333333333333 0.010030864197530864 0.018518518518518517
