2 0.2795138888888889 0.4985532407407407 0.028935185185185182 0.026041666666666664
2 0.33815586419753085 0.5 0.03433641975308642 0.032407407407407406
2 0.4195601851851852 0.3023726851851852 0.04513888888888889 0.10011574074074074
2 0.5588348765432098 0.3489583333333333 0.02970679012345679 0.06712962962962962
2 0.5133101851851851 0.5434027777777778 0.04359567901234568 0.028935185185185182
2 0.5476466049382716 0.6174768518518519 0.03125 0.048611111111111105
2 0.861111111111111 0.1166087962962963 0.044753086419753084 0.052662037037037035
2 0.578125 0.0234375 0.021219135802469133 0.030671296296296294
2 0.6105324074074073 0.0072337962962962955 0.010416666666666666 0.014467592592592591
2 0.9265046296296295 0.642361111111111 0.025848765432098762 0.037037037037037035
0 0.7683256172839505 0.3388310185185185 0.010416666666666666 0.014467592592592591
