2 0.666775173611111 0.7599826388888888 0.018446180555555556 0.06510416666666666
2 0.525173611111111 0.8243634259259259 0.030381944444444444 0.017361111111111112
2 0.5680338541666666 0.7845775462962963 0.016276041666666664 0.01880787037037037
2 0.0906032986111111 0.38671875 0.014105902777777776 0.021701388888888888
2 0.2587890625 0.34389467592592593 0.060980902777777776 0.030381944444444444
2 0.22211371527777776 0.46238425925925924 0.072265625 0.03587962962962963
2 0.2784288194444444 0.48032407407407407 0.027777777777777776 0.027777777777777776
2 0.35026041666666663 0.4204282407407407 0.04123263888888889 0.061921296296296294
2 0.4106987847222222 0.5574363425925926 0.03407118055555555 0.04137731481481481
2 0.46137152777777773 0.5622106481481481 0.04644097222222222 0.05381944444444444
2 0.4696180555555555 0.3700810185185185 0.03819444444444444 0.06076388888888889
2 0.547634548611111 0.4403935185185185 0.037109375 0.06076388888888889
2 0.5621744791666666 0.33347800925925924 0.07443576388888888 0.12818287037037035
2 0.6282552083333333 0.43200231481481477 0.02907986111111111 0.057870370370370364
2 0.6871744791666666 0.4486400462962963 0.037109375 0.049479166666666664
2 0.546657986111111 0.5988136574074073 0.02907986111111111 0.06336805555555555
2 0.5698784722222222 0.5470196759259259 0.023871527777777776 0.04542824074074074
2 0.626736111111111 0.5747974537037037 0.04427083333333333 0.04542824074074074
2 0.662868923611111 0.6145833333333333 0.05881076388888889 0.05381944444444444
