3 0.5154320987654321 0.10214120370370369 0.035493827160493825 0.09201388888888888
3 0.24575617283950615 0.779224537037037 0.06327160493827161 0.05613425925925926
3 0.2777777777777778 0.8877314814814814 0.07253086419753085 0.11574074074074073
3 0.32793209876543206 0.8564814814814814 0.031635802469135804 0.05324074074074074
3 0.3296682098765432 0.970486111111111 0.03742283950617284 0.0474537037037037
3 0.21489197530864196 0.546875 0.10108024691358024 0.13194444444444445
3 0.35898919753086417 0.5379050925925926 0.08217592592592592 0.08159722222222222
3 0.43904320987654316 0.5587384259259259 0.05246913580246913 0.10243055555555555
3 0.501736111111111 0.6634837962962963 0.03356481481481481 0.06539351851851852
3 0.4722222222222222 0.4247685185185185 0.07716049382716049 0.11574074074074073
3 0.6309799382716049 0.4846643518518518 0.07445987654320987 0.10243055555555555
3 0.6844135802469136 0.59375 0.048611111111111105 0.0775462962962963
3 0.818287037037037 0.5856481481481481 0.19984567901234568 0.30092592592592593
3 0.9876543209876543 0.8191550925925926 0.023919753086419752 0.04108796296296296
3 0.8858024691358024 0.05873842592592592 0.08487654320987653 0.11747685185185185
3 0.6898148148148148 0.24363425925925924 0.029320987654320986 0.03587962962962963
3 0.38869598765432095 0.9230324074074073 0.03279320987654321 0.0474537037037037
