3 0.6369598765432098 0.17129629629629628 0.027777777777777776 0.046296296296296294
2 0.3499228395061728 0.48495370370370366 0.016975308641975308 0.03125
2 0.3451003086419753 0.7042824074074073 0.01273148148148148 0.016203703703703703
2 0.19560185185185183 0.7853009259259259 0.010802469135802469 0.017361111111111112
2 0.12654320987654322 0.6947337962962963 0.010802469135802469 0.014467592592592591
2 0.3213734567901234 0.20138888888888887 0.014660493827160493 0.02199074074074074
3 0.33217592592592593 0.21672453703703703 0.08410493827160494 0.11284722222222221
2 0.26003086419753085 0.1501736111111111 0.014660493827160493 0.02025462962962963
2 0.421875 0.1976273148148148 0.015817901234567902 0.02372685185185185
2 0.384645061728395 0.08188657407407407 0.010802469135802469 0.017939814814814815
2 0.36766975308641975 0.06626157407407407 0.010802469135802469 0.016782407407407406
2 0.6521990740740741 0.03674768518518518 0.02199074074074074 0.02488425925925926
2 0.6749614197530864 0.03530092592592592 0.018132716049382713 0.016203703703703703
2 0.615162037037037 0.19473379629629628 0.01273148148148148 0.017939814814814815
2 0.6481481481481481 0.2222222222222222 0.013888888888888888 0.02546296296296296
2 0.6275077160493827 0.3214699074074074 0.013503086419753086 0.022569444444444444
2 0.5952932098765432 0.23119212962962962 0.006944444444444444 0.013310185185185185
2 0.5696373456790124 0.32291666666666663 0.008873456790123456 0.016203703703703703
2 0.5152391975308642 0.4994212962962963 0.011188271604938271 0.016203703703703703
2 0.6141975308641975 0.5130208333333333 0.020833333333333332 0.02835648148148148
2 0.6141975308641975 0.4140625 0.013117283950617283 0.02372685185185185
2 0.6813271604938271 0.45572916666666663 0.014660493827160493 0.029513888888888888
3 0.6670524691358024 0.26157407407407407 0.0794753086419753 0.18402777777777776
2 0.7735339506172839 0.3706597222222222 0.010802469135802469 0.013310185185185185
2 0.8125 0.37702546296296297 0.011574074074074073 0.02372685185185185
2 0.9286265432098765 0.43807870370370366 0.020833333333333332 0.032407407407407406
2 0.7798996913580246 0.5225694444444444 0.011959876543209876 0.015046296296296295
2 0.6691743827160493 0.5405092592592592 0.011959876543209876 0.015046296296296295
2 0.6674382716049382 0.578125 0.010802469135802469 0.016203703703703703
2 0.625 0.6325231481481481 0.014660493827160493 0.020833333333333332
2 0.6867283950617283 0.5656828703703703 0.017746913580246913 0.017939814814814815
2 0.7505787037037036 0.6102430555555555 0.01273148148148148 0.017939814814814815
2 0.7808641975308641 0.7311921296296295 0.011574074074074073 0.013310185185185185
2 0.8219521604938271 0.8148148148148148 0.015046296296296295 0.02662037037037037
1 0.8753858024691358 0.7042824074074073 0.024691358024691357 0.046296296296296294
2 0.7901234567901234 0.5980902777777778 0.014660493827160493 0.02372685185185185
2 0.8371913580246914 0.5700231481481481 0.006172839506172839 0.015046296296296295
2 0.8773148148148148 0.6108217592592592 0.014660493827160493 0.022569444444444444
2 0.8796296296296295 0.5633680555555555 0.010030864197530864 0.01909722222222222
2 0.9020061728395061 0.5975115740740741 0.010802469135802469 0.01909722222222222
2 0.9064429012345678 0.7080439814814814 0.011959876543209876 0.017939814814814815
