2 0.9504243827160493 0.7170138888888888 0.03973765432098765 0.041666666666666664
2 0.9737654320987654 0.14670138888888887 0.051697530864197525 0.061921296296296294
2 0.15007716049382716 0.5277777777777778 0.02854938271604938 0.04050925925925926
2 0.2006172839506173 0.5627893518518519 0.05864197530864197 0.05613425925925926
2 0.18692129629629628 0.6241319444444444 0.022762345679012343 0.02488425925925926
2 0.24517746913580246 0.49971064814814814 0.08603395061728394 0.06655092592592592
2 0.3169367283950617 0.6539351851851851 0.02199074074074074 0.03125
2 0.34104938271604934 0.7690972222222222 0.020833333333333332 0.015046296296296295
2 0.3732638888888889 0.5558449074074073 0.027391975308641972 0.01909722222222222
2 0.32233796296296297 0.4565972222222222 0.03047839506172839 0.04050925925925926
2 0.33661265432098764 0.40827546296296297 0.02353395061728395 0.017939814814814815
2 0.3707561728395061 0.45572916666666663 0.032407407407407406 0.03298611111111111
2 0.4108796296296296 0.5315393518518519 0.021604938271604937 0.027199074074074073
2 0.8292824074074073 0.9788773148148148 0.018132716049382713 0.02835648148148148
2 0.6091820987654321 0.9143518518518517 0.018518518518518517 0.020833333333333332
2 0.6236496913580246 0.9551504629629629 0.019675925925925923 0.030671296296296294
2 0.7347608024691358 0.3940972222222222 0.008873456790123456 0.010416666666666666
2 0.8605324074074073 0.33854166666666663 0.008873456790123456 0.009259259259259259
2 0.7268518518518519 0.4861111111111111 0.030864197530864196 0.04282407407407407
2 0.4801311728395061 0.5462962962962963 0.027391975308641972 0.03819444444444444
2 0.6323302469135802 0.7037037037037037 0.017746913580246913 0.020833333333333332
2 0.5943287037037037 0.5381944444444444 0.02044753086419753 0.027777777777777776
2 0.507716049382716 0.4291087962962963 0.021604938271604937 0.04108796296296296
