2 0.21585648148148148 0.3376736111111111 0.02353395061728395 0.04456018518518518
2 0.3119212962962963 0.5587384259259259 0.028935185185185182 0.03414351851851852
2 0.3256172839506173 0.48813657407407407 0.024691358024691357 0.03993055555555555
2 0.43711419753086417 0.4421296296296296 0.016203703703703703 0.03819444444444444
2 0.34606481481481477 0.6157407407407407 0.022376543209876542 0.032407407407407406
2 0.4104938271604938 0.5303819444444444 0.02700617283950617 0.022569444444444444
2 0.5590277777777778 0.5483217592592592 0.019290123456790122 0.026041666666666664
2 0.5868055555555555 0.5243055555555556 0.03009259259259259 0.032407407407407406
2 0.5873842592592592 0.22135416666666666 0.018132716049382713 0.043402777777777776
2 0.8267746913580246 0.30729166666666663 0.02546296296296296 0.02546296296296296
2 0.6975308641975309 0.5425347222222222 0.022376543209876542 0.030671296296296294
2 0.7791280864197531 0.5280671296296297 0.02044753086419753 0.030671296296296294
2 0.41570216049382713 0.7008101851851851 0.025848765432098762 0.0474537037037037
