2 0.3899498456790123 0.8506944444444444 0.025655864197530864 0.03530092592592592
2 0.38773148148148145 0.8981481481481481 0.010802469135802469 0.020833333333333332
2 0.5356867283950617 0.6611689814814814 0.0320216049382716 0.041666666666666664
2 0.4375964506172839 0.45847800925925924 0.0160108024691358 0.038483796296296294
2 0.4541859567901234 0.5140335648148148 0.025655864197530864 0.03674768518518518
2 0.5238233024691358 0.48755787037037035 0.021412037037037035 0.07407407407407407
2 0.5769675925925926 0.21426504629629628 0.02044753086419753 0.03211805555555555
2 0.7736304012345678 0.2488425925925926 0.01716820987654321 0.020833333333333332
2 0.8116319444444444 0.19256365740740738 0.0160108024691358 0.024016203703703703
2 0.5602816358024691 0.10980902777777778 0.021412037037037035 0.038483796296296294
2 0.2915702160493827 0.9382233796296295 0.02334104938271605 0.027488425925925923
2 0.31037808641975306 0.9725115740740741 0.01427469135802469 0.019675925925925923
2 0.24334490740740738 0.12572337962962962 0.024498456790123455 0.03501157407407407
2 0.27999614197530864 0.02517361111111111 0.03452932098765432 0.05034722222222222
2 0.22665895061728394 0.06481481481481481 0.02546296296296296 0.028935185185185182
