2 0.1880787037037037 0.7178819444444444 0.03665123456790123 0.030671296296296294
2 0.2559799382716049 0.3923611111111111 0.028935185185185182 0.03819444444444444
2 0.26620370370370366 0.587673611111111 0.04089506172839506 0.03645833333333333
2 0.3778935185185185 0.564236111111111 0.03433641975308642 0.04513888888888889
2 0.4672067901234568 0.5827546296296297 0.054783950617283944 0.03356481481481481
2 0.5244984567901234 0.5127314814814814 0.025848765432098762 0.041666666666666664
2 0.9936342592592592 0.44733796296296297 0.011959876543209876 0.05555555555555555
2 0.6070601851851851 0.2702546296296296 0.04513888888888889 0.06134259259259259
2 0.7260802469135802 0.5972222222222222 0.02546296296296296 0.024305555555555552
2 0.5850694444444444 0.5434027777777778 0.03356481481481481 0.06481481481481481
2 0.6211419753086419 0.5648148148148148 0.020833333333333332 0.046296296296296294
2 0.6749614197530864 0.5367476851851851 0.027391975308641972 0.04571759259259259
2 0.6898148148148148 0.5182291666666666 0.013888888888888888 0.02372685185185185
