2 0.2986111111111111 0.3761574074074074 0.019290123456790122 0.02546296296296296
2 0.6323302469135802 0.39207175925925924 0.021604938271604937 0.03530092592592592
2 0.4400077160493827 0.693287037037037 0.011188271604938271 0.020833333333333332
2 0.4133873456790123 0.3940972222222222 0.02662037037037037 0.04282407407407407
2 0.4637345679012345 0.39496527777777773 0.024691358024691357 0.03298611111111111
2 0.4880401234567901 0.4314236111111111 0.02546296296296296 0.03414351851851852
2 0.5067515432098765 0.39265046296296297 0.02353395061728395 0.03414351851851852
2 0.5700231481481481 0.49884259259259256 0.025848765432098762 0.041666666666666664
2 0.47878086419753085 0.6374421296296295 0.024691358024691357 0.04918981481481481
2 0.46759259259259256 0.6739004629629629 0.020833333333333332 0.04456018518518518
2 0.5003858024691358 0.720486111111111 0.010802469135802469 0.016203703703703703
2 0.5630787037037037 0.6420717592592592 0.019675925925925923 0.03993055555555555
2 0.021604938271604937 0.6226851851851851 0.013117283950617283 0.019675925925925923
