2 0.25632440476190477 0.6281415343915343 0.015128968253968252 0.02017195767195767
2 0.31411210317460314 0.6397156084656084 0.01413690476190476 0.011574074074074073
2 0.14422123015873015 0.3146494708994709 0.015128968253968252 0.014219576719576719
2 0.4898313492063492 0.7359457671957672 0.037698412698412696 0.03141534391534391
2 0.5276537698412698 0.6669973544973544 0.05282738095238095 0.04034391534391534
2 0.3874007936507936 0.9892526455026455 0.011904761904761904 0.020833333333333332
2 0.5901537698412698 0.43832671957671954 0.02901785714285714 0.048611111111111105
2 0.6930803571428571 0.4525462962962963 0.04538690476190476 0.04596560846560846
2 0.570188492063492 0.2673611111111111 0.03224206349206349 0.03736772486772487
2 0.5431547619047619 0.16947751322751323 0.023809523809523808 0.03141534391534391
