2 0.5415426587301587 0.16732804232804233 0.022569444444444444 0.03306878306878307
2 0.5729166666666666 0.26802248677248675 0.03125 0.03869047619047619
2 0.6871279761904762 0.457010582010582 0.05282738095238095 0.04298941798941799
2 0.5890376984126984 0.4411375661375661 0.029265873015873016 0.04298941798941799
2 0.2542162698412698 0.6281415343915343 0.01488095238095238 0.022817460317460316
2 0.14310515873015872 0.3159722222222222 0.019345238095238096 0.02017195767195767
2 0.3118799603174603 0.6375661375661376 0.01413690476190476 0.015873015873015872
2 0.5280257936507936 0.6719576719576719 0.0496031746031746 0.03902116402116402
2 0.4892113095238095 0.738095238095238 0.02802579365079365 0.03902116402116402
2 0.3845486111111111 0.9907407407407407 0.013144841269841268 0.017857142857142856
