2 0.3204089506172839 0.4221643518518518 0.009645061728395061 0.02372685185185185
2 0.43344907407407407 0.4236111111111111 0.021219135802469133 0.04050925925925926
2 0.5960648148148148 0.38512731481481477 0.029320987654320986 0.06886574074074074
2 0.5165895061728395 0.31452546296296297 0.016203703703703703 0.027199074074074073
2 0.8609182098765432 0.9398148148148148 0.03433641975308642 0.046296296296296294
2 0.5528549382716049 0.47135416666666663 0.013888888888888888 0.022569444444444444
2 0.2370756172839506 0.2488425925925926 0.09992283950617284 0.06944444444444445
2 0.22646604938271603 0.35127314814814814 0.05246913580246913 0.07870370370370369
2 0.32523148148148145 0.25839120370370366 0.07638888888888888 0.10706018518518517
2 0.6701388888888888 0.3831018518518518 0.010030864197530864 0.017361111111111112
