2 0.26292438271604934 0.8635706018518517 0.016203703703703703 0.038483796296296294
2 0.48263888888888884 0.6684027777777778 0.013888888888888888 0.030671296296296294
2 0.5276813271604938 0.31394675925925924 0.022569444444444444 0.022569444444444444
2 0.36525848765432095 0.26880787037037035 0.04301697530864197 0.03530092592592592
2 0.5099344135802469 0.24074074074074073 0.025655864197530864 0.027199074074074073
2 0.535108024691358 0.12268518518518517 0.013888888888888888 0.022569444444444444
2 0.7456597222222222 0.4995659722222222 0.01716820987654321 0.040219907407407406
2 0.7489390432098765 0.11530671296296295 0.021412037037037035 0.033854166666666664
2 0.931616512345679 0.027777777777777776 0.018325617283950615 0.022569444444444444
2 0.41898148148148145 0.48972800925925924 0.016203703703703703 0.03501157407407407
2 0.48090277777777773 0.5460069444444444 0.032407407407407406 0.04398148148148148
2 0.5616319444444444 0.49652777777777773 0.02334104938271605 0.03356481481481481
2 0.5804398148148148 0.42809606481481477 0.016203703703703703 0.027488425925925923
2 0.4880401234567901 0.4813368055555555 0.024305555555555552 0.04253472222222222
2 0.4620949074074074 0.46455439814814814 0.02334104938271605 0.03327546296296296
2 0.9215856481481481 0.41276041666666663 0.01408179012345679 0.027488425925925923
