2 0.5700231481481481 0.46412037037037035 0.018132716049382713 0.037037037037037035
2 0.7173996913580246 0.3978587962962963 0.021219135802469133 0.027199074074074073
2 0.40509259259259256 0.25578703703703703 0.02700617283950617 0.041666666666666664
2 0.7436342592592592 0.9797453703703703 0.02662037037037037 0.039351851851851846
3 0.34953703703703703 0.5509259259259259 0.051697530864197525 0.06828703703703703
3 0.4083719135802469 0.5633680555555555 0.01890432098765432 0.03993055555555555
3 0.46084104938271603 0.6504629629629629 0.03047839506172839 0.0474537037037037
3 0.44502314814814814 0.6880787037037037 0.015046296296296295 0.027777777777777776
3 0.47820216049382713 0.5500578703703703 0.04359567901234568 0.09664351851851852
3 0.546875 0.5558449074074073 0.02507716049382716 0.07002314814814814
3 0.6799768518518519 0.6021412037037037 0.06134259259259259 0.07581018518518517
3 0.48302469135802467 0.3995949074074074 0.02546296296296296 0.05034722222222222
