2 0.5334821428571428 0.4619708994708994 0.01488095238095238 0.018518518518518517
2 0.5846974206349206 0.5985449735449735 0.011656746031746032 0.02447089947089947
2 0.6008184523809523 0.49801587301587297 0.009672619047619048 0.015873015873015872
2 0.6806795634920635 0.462797619047619 0.009672619047619048 0.022817460317460316
2 0.7863343253968254 0.5304232804232804 0.01413690476190476 0.017195767195767195
2 0.830109126984127 0.5353835978835979 0.012896825396825396 0.015873015873015872
2 0.8462301587301587 0.5014880952380952 0.012896825396825396 0.02017195767195767
2 0.8112599206349206 0.416005291005291 0.011904761904761904 0.021825396825396824
2 0.8607390873015872 0.42675264550264547 0.009672619047619048 0.02017195767195767
2 0.644593253968254 0.8811177248677248 0.010912698412698412 0.014219576719576719
2 0.5690724206349206 0.8746693121693121 0.01066468253968254 0.018518518518518517
