2 0.49459876543209874 0.5627893518518519 0.019290123456790122 0.0318287037037037
2 0.6016589506172839 0.5480324074074073 0.017361111111111112 0.028935185185185182
2 0.5160108024691358 0.7092013888888888 0.02353395061728395 0.022569444444444444
2 0.5690586419753086 0.7164351851851851 0.016203703703703703 0.020833333333333332
2 0.6981095679012346 0.6351273148148148 0.025848765432098762 0.01909722222222222
2 0.4577546296296296 0.31915509259259256 0.008873456790123456 0.009837962962962962
2 0.15027006172839505 0.5784143518518519 0.015046296296296295 0.03414351851851852
2 0.19810956790123455 0.5211226851851851 0.011959876543209876 0.017939814814814815
2 0.25308641975308643 0.529224537037037 0.014660493827160493 0.03993055555555555
2 0.31481481481481477 0.5217013888888888 0.017746913580246913 0.03414351851851852
2 0.27719907407407407 0.41637731481481477 0.019675925925925923 0.04571759259259259
