3 0.9039351851851851 0.7630208333333333 0.13503086419753085 0.06886574074074074
3 0.17650462962962962 0.40682870370370366 0.1107253086419753 0.10648148148148148
3 0.34259259259259256 0.4247685185185185 0.0949074074074074 0.08333333333333333
3 0.4701003086419753 0.3075810185185185 0.08294753086419752 0.15451388888888887
3 0.45100308641975306 0.4742476851851852 0.08024691358024691 0.0931712962962963
3 0.49749228395061723 0.5723379629629629 0.0466820987654321 0.07291666666666666
3 0.648341049382716 0.40075231481481477 0.09915123456790123 0.11863425925925926
3 0.6869212962962963 0.5121527777777778 0.06520061728395062 0.08564814814814814
3 0.5997299382716049 0.5150462962962963 0.05362654320987654 0.0798611111111111
3 0.8302469135802468 0.5396412037037037 0.20601851851851852 0.3431712962962963
3 0.24864969135802467 0.8862847222222222 0.11689814814814814 0.20775462962962962
3 0.2976466049382716 0.8096064814814814 0.05825617283950617 0.06944444444444445
3 0.347608024691358 0.8862847222222222 0.03780864197530864 0.059606481481481476
3 0.2224151234567901 0.7155671296296295 0.05825617283950617 0.08275462962962962
