2 0.059027777777777776 0.5620039682539683 0.008432539682539682 0.02017195767195767
2 0.5152529761904762 0.7546296296296295 0.015128968253968252 0.017195767195767195
2 0.5011160714285714 0.7971230158730158 0.01066468253968254 0.012896825396825396
2 0.5215773809523809 0.5122354497354497 0.012896825396825396 0.015873015873015872
2 0.5885416666666666 0.5360449735449735 0.012896825396825396 0.017195767195767195
2 0.6553819444444444 0.5626653439153438 0.01066468253968254 0.015542328042328041
2 0.265625 0.3326719576719577 0.011904761904761904 0.015873015873015872
2 0.32056051587301587 0.32837301587301587 0.016121031746031744 0.018518518518518517
2 0.4800347222222222 0.5562169312169312 0.009672619047619048 0.011243386243386243
2 0.3472222222222222 0.03439153439153439 0.01240079365079365 0.01521164021164021
2 0.4382440476190476 0.013723544973544973 0.008432539682539682 0.023478835978835978
2 0.4382440476190476 0.06613756613756613 0.010416666666666666 0.031746031746031744
2 0.45374503968253965 0.05092592592592592 0.006200396825396825 0.01521164021164021
2 0.3959573412698412 0.1068121693121693 0.004216269841269841 0.016534391534391533
2 0.3757440476190476 0.12533068783068782 0.00744047619047619 0.00992063492063492
2 0.40513392857142855 0.15277777777777776 0.006200396825396825 0.017857142857142856
2 0.4186507936507936 0.15360449735449735 0.010416666666666666 0.01951058201058201
