2 0.24421296296296294 0.3765914351851852 0.02353395061728395 0.025752314814814815
2 0.3185763888888889 0.017505787037037035 0.02642746913580247 0.022858796296296294
2 0.34442515432098764 0.7060185185185185 0.0476466049382716 0.10821759259259259
2 0.4210069444444444 0.5170717592592592 0.04263117283950617 0.059606481481481476
2 0.5326967592592592 0.4454571759259259 0.04070216049382716 0.04427083333333333
2 0.3966049382716049 0.6533564814814814 0.022376543209876542 0.03356481481481481
2 0.32156635802469136 0.802662037037037 0.032407407407407406 0.03356481481481481
2 0.4124228395061728 0.6778067129629629 0.013117283950617283 0.027488425925925923
2 0.46624228395061723 0.6556712962962963 0.03356481481481481 0.04108796296296296
2 0.47887731481481477 0.7249710648148148 0.02025462962962963 0.0396412037037037
2 0.45302854938271603 0.8033854166666666 0.029513888888888888 0.03790509259259259
2 0.5647183641975309 0.5765335648148148 0.04571759259259259 0.06568287037037036
2 0.747974537037037 0.5543981481481481 0.016396604938271605 0.03645833333333333
2 0.6012731481481481 0.49276620370370366 0.047839506172839504 0.07175925925925926
2 0.6459297839506173 0.33217592592592593 0.027584876543209874 0.03356481481481481
2 0.6007908950617283 0.3679108796296296 0.02835648148148148 0.03211805555555555
2 0.5139853395061728 0.3723958333333333 0.02334104938271605 0.0318287037037037
2 0.4732831790123457 0.25057870370370366 0.021412037037037035 0.028935185185185182
2 0.4732831790123457 0.19039351851851852 0.021412037037037035 0.021412037037037035
2 0.5672260802469136 0.22005208333333331 0.03452932098765432 0.022858796296296294
