2 0.41059027777777773 0.6030092592592592 0.01066468253968254 0.018849206349206348
2 0.7318948412698413 0.4548611111111111 0.012896825396825396 0.021494708994708994
2 0.7943948412698413 0.46924603174603174 0.010912698412698412 0.021825396825396824
2 0.9766865079365079 0.29811507936507936 0.012896825396825396 0.027447089947089946
2 0.9837549603174602 0.23412698412698413 0.01413690476190476 0.023148148148148147
2 0.9637896825396824 0.11491402116402116 0.017361111111111112 0.02017195767195767
2 0.9303075396825397 0.23991402116402116 0.010912698412698412 0.02017195767195767
2 0.9227430555555555 0.8811177248677248 0.021577380952380952 0.022817460317460316
2 0.12202380952380952 0.36276455026455023 0.011904761904761904 0.018518518518518517
2 0.18253968253968253 0.42162698412698413 0.013888888888888888 0.02447089947089947
2 0.2126736111111111 0.41666666666666663 0.01413690476190476 0.01455026455026455
