2 0.17785493827160492 0.4230324074074074 0.02700617283950617 0.02546296296296296
2 0.3092206790123457 0.49363425925925924 0.017361111111111112 0.03819444444444444
2 0.32523148148148145 0.42621527777777773 0.016975308641975308 0.022569444444444444
2 0.3680555555555555 0.6663773148148148 0.013117283950617283 0.017939814814814815
2 0.5482253086419753 0.4236111111111111 0.027777777777777776 0.046296296296296294
2 0.6055169753086419 0.46875 0.011959876543209876 0.03356481481481481
2 0.6655092592592592 0.4534143518518518 0.018518518518518517 0.04224537037037037
2 0.6568287037037037 0.7667824074074073 0.018132716049382713 0.028935185185185182
2 0.6356095679012346 0.8344907407407407 0.018132716049382713 0.019675925925925923
2 0.5823688271604938 0.8287037037037036 0.025848765432098762 0.017361111111111112
