2 0.6564429012345678 0.15364583333333331 0.017361111111111112 0.030671296296296294
2 0.8261959876543209 0.07407407407407407 0.02044753086419753 0.02546296296296296
3 0.2183641975308642 0.5190972222222222 0.14737654320987653 0.13194444444444445
3 0.3881172839506173 0.5561342592592592 0.0794753086419753 0.08449074074074074
3 0.6095679012345678 0.42332175925925924 0.13657407407407407 0.13368055555555555
3 0.5314429012345678 0.6524884259259259 0.057484567901234566 0.04571759259259259
3 0.5241126543209876 0.5625 0.062114197530864196 0.0625
3 0.5617283950617283 0.34375 0.042438271604938266 0.0636574074074074
3 0.5244984567901234 0.2517361111111111 0.057484567901234566 0.09606481481481481
3 0.3451003086419753 0.3015046296296296 0.03279320987654321 0.032407407407407406
