2 0.7926311728395061 0.7693865740740741 0.015046296296296295 0.03414351851851852
2 0.8113425925925926 0.43229166666666663 0.022376543209876542 0.028935185185185182
2 0.2837577160493827 0.4453125 0.016589506172839504 0.02372685185185185
2 0.35648148148148145 0.36603009259259256 0.013888888888888888 0.030671296296296294
2 0.3939043209876543 0.4343171296296296 0.013888888888888888 0.03414351851851852
2 0.3757716049382716 0.5396412037037037 0.016975308641975308 0.022569444444444444
2 0.41628086419753085 0.49797453703703703 0.02700617283950617 0.054976851851851846
2 0.4349922839506173 0.6287615740740741 0.01890432098765432 0.043402777777777776
2 0.5142746913580246 0.4916087962962963 0.024691358024691357 0.02372685185185185
2 0.5241126543209876 0.4343171296296296 0.02662037037037037 0.03761574074074074
