2 0.4126157407407407 0.4962384259259259 0.015817901234567902 0.030671296296296294
2 0.408179012345679 0.5789930555555555 0.022376543209876542 0.03530092592592592
2 0.4704861111111111 0.2719907407407407 0.02044753086419753 0.041666666666666664
2 0.5432098765432098 0.15277777777777776 0.013888888888888888 0.019675925925925923
2 0.5491898148148148 0.5850694444444444 0.015046296296296295 0.028935185185185182
2 0.6053240740740741 0.505787037037037 0.013888888888888888 0.020833333333333332
2 0.8975694444444444 0.7774884259259259 0.01273148148148148 0.030671296296296294
2 0.9091435185185185 0.8961226851851851 0.015046296296296295 0.027199074074074073
2 0.8777006172839505 0.9299768518518517 0.011574074074074073 0.03356481481481481
1 0.4415509259259259 0.48321759259259256 0.14467592592592593 0.07291666666666666
