2 0.21392746913580246 0.6429398148148148 0.019675925925925923 0.03587962962962963
2 0.31230709876543206 0.2991898148148148 0.02662037037037037 0.046296296296296294
3 0.3782793209876543 0.4053819444444444 0.02970679012345679 0.05613425925925926
3 0.4193672839506173 0.5124421296296297 0.05632716049382716 0.06539351851851852
2 0.3109567901234568 0.7118055555555555 0.031635802469135804 0.06134259259259259
2 0.40432098765432095 0.6999421296296295 0.024691358024691357 0.0642361111111111
2 0.49633487654320985 0.7259837962962963 0.03047839506172839 0.059606481481481476
2 0.5588348765432098 0.5833333333333333 0.01890432098765432 0.03587962962962963
2 0.6489197530864197 0.4930555555555555 0.020833333333333332 0.032407407407407406
2 0.5092592592592592 0.39293981481481477 0.018518518518518517 0.04282407407407407
2 0.5364583333333333 0.2554976851851852 0.02199074074074074 0.05381944444444444
3 0.5962577160493827 0.43894675925925924 0.04050925925925926 0.06076388888888889
