2 0.21855709876543208 0.3778935185185185 0.03510802469135802 0.028935185185185182
2 0.38946759259259256 0.37702546296296297 0.025848765432098762 0.030671296296296294
2 0.38695987654320985 0.4470486111111111 0.016203703703703703 0.0318287037037037
2 0.423804012345679 0.5653935185185185 0.025848765432098762 0.037037037037037035
2 0.4560185185185185 0.6261574074074073 0.013117283950617283 0.024305555555555552
2 0.6655092592592592 0.35300925925925924 0.035493827160493825 0.05671296296296296
2 0.7008101851851851 0.17216435185185183 0.015817901234567902 0.0318287037037037
2 0.7474922839506173 0.39467592592592593 0.008873456790123456 0.04050925925925926
2 0.8204089506172839 0.37152777777777773 0.017361111111111112 0.028935185185185182
2 0.8375771604938271 0.4855324074074074 0.03009259259259259 0.03819444444444444
2 0.7839506172839505 0.7170138888888888 0.021604938271604937 0.028935185185185182
2 0.7447916666666666 0.7942708333333333 0.022762345679012343 0.01909722222222222
2 0.9729938271604938 0.7097800925925926 0.02700617283950617 0.043402777777777776
2 0.6763117283950617 0.7925347222222222 0.024691358024691357 0.022569444444444444
2 0.16358024691358025 0.6739004629629629 0.017746913580246913 0.029513888888888888
