2 0.4348958333333333 0.4369212962962963 0.05150462962962963 0.05613425925925926
2 0.6117862654320987 0.4995659722222222 0.07079475308641975 0.09809027777777778
2 0.5372299382716049 0.8958333333333333 0.03973765432098765 0.03877314814814815
2 0.14930555555555555 0.42563657407407407 0.013888888888888888 0.027199074074074073
2 0.3058449074074074 0.055121527777777776 0.011766975308641976 0.01591435185185185
2 0.7430555555555555 0.07913773148148148 0.03973765432098765 0.061053240740740734
2 0.6910686728395061 0.2834201388888889 0.014853395061728395 0.019386574074074073
2 0.36313657407407407 0.18272569444444445 0.02835648148148148 0.051793981481481476
2 0.38859953703703703 0.14771412037037035 0.02642746913580247 0.027488425925925923
2 0.38242669753086417 0.17216435185185183 0.012152777777777776 0.021412037037037035
