2 0.40335648148148145 0.5830439814814814 0.03433641975308642 0.027199074074074073
2 0.04378858024691358 0.3602430555555555 0.03742283950617284 0.054976851851851846
2 0.1884645061728395 0.2936921296296296 0.03973765432098765 0.043402777777777776
2 0.40084876543209874 0.646412037037037 0.030864197530864196 0.041666666666666664
2 0.21373456790123455 0.9285300925925926 0.019290123456790122 0.017939814814814815
2 0.5353009259259259 0.6831597222222222 0.01273148148148148 0.01909722222222222
2 0.5540123456790124 0.6377314814814814 0.024691358024691357 0.037037037037037035
2 0.5958719135802468 0.5570023148148148 0.028935185185185182 0.043402777777777776
2 0.6799768518518519 0.5306712962962963 0.021219135802469133 0.048611111111111105
2 0.7893518518518519 0.32407407407407407 0.027777777777777776 0.03356481481481481
2 0.6660879629629629 0.3142361111111111 0.01273148148148148 0.020833333333333332
2 0.8761574074074073 0.6079282407407407 0.020833333333333332 0.030671296296296294
2 0.8838734567901234 0.5700231481481481 0.031635802469135804 0.02662037037037037
