2 0.3962053571428571 0.6759259259259259 0.02306547619047619 0.022486772486772486
2 0.4655257936507936 0.6979166666666666 0.025793650793650792 0.027447089947089946
2 0.4289434523809524 0.5166997354497355 0.021577380952380952 0.036044973544973546
2 0.48598710317460314 0.3907076719576719 0.02802579365079365 0.03736772486772487
2 0.6979166666666666 0.46494708994708994 0.03125 0.03902116402116402
2 0.6779513888888888 0.7389219576719577 0.05183531746031746 0.03736772486772487
2 0.6030505952380952 0.876818783068783 0.022569444444444444 0.02017195767195767
2 0.6676587301587301 0.32787698412698413 0.022817460317460316 0.03141534391534391
2 0.6908482142857143 0.341765873015873 0.019593253968253968 0.026124338624338623
3 0.5942460317460317 0.7495039682539683 0.0496031746031746 0.05125661375661375
1 0.5767609126984127 0.2865410052910053 0.034970238095238096 0.045304232804232805
