2 0.39670138888888884 0.6802248677248677 0.022073412698412696 0.02513227513227513
2 0.6046626984126984 0.8804563492063492 0.017361111111111112 0.021494708994708994
2 0.6764632936507936 0.746031746031746 0.05282738095238095 0.031746031746031744
2 0.6963045634920635 0.4748677248677248 0.02802579365079365 0.03306878306878307
2 0.6790674603174602 0.33482142857142855 0.043154761904761904 0.040013227513227514
2 0.48660714285714285 0.3979828042328042 0.03571428571428571 0.043320105820105814
2 0.4289434523809524 0.5261243386243386 0.021577380952380952 0.04034391534391534
1 0.5715525793650793 0.28174603174603174 0.034970238095238096 0.03835978835978836
3 0.5555555555555556 0.8363095238095237 0.04216269841269841 0.04563492063492063
3 0.6010664682539683 0.7508267195767195 0.05282738095238095 0.06183862433862433
