2 0.44087577160493824 0.15060763888888887 0.02681327160493827 0.04658564814814815
2 0.4107831790123457 0.2511574074074074 0.05459104938271605 0.08680555555555555
2 0.5032793209876543 0.9855324074074073 0.04436728395061728 0.02835648148148148
2 0.2560763888888889 0.4036458333333333 0.02334104938271605 0.048611111111111105
2 0.25810185185185186 0.46368634259259256 0.057870370370370364 0.047164351851851846
2 0.31587577160493824 0.40205439814814814 0.05381944444444444 0.06394675925925926
2 0.337770061728395 0.4638310185185185 0.02044753086419753 0.05613425925925926
2 0.30430169753086417 0.32523148148148145 0.024498456790123455 0.03819444444444444
2 0.3829089506172839 0.4097222222222222 0.027391975308641972 0.07638888888888888
2 0.46064814814814814 0.501880787037037 0.06905864197530864 0.12355324074074073
2 0.6433256172839505 0.4234664351851852 0.0628858024691358 0.14033564814814814
2 0.4281442901234568 0.9359085648148148 0.05690586419753086 0.08362268518518517
2 0.49363425925925924 0.8208912037037036 0.06790123456790123 0.10358796296296295
2 0.5403163580246914 0.626736111111111 0.04976851851851852 0.08969907407407407
2 0.6062885802469136 0.5985243055555555 0.05979938271604938 0.09751157407407407
