3 0.20003858024691357 0.49971064814814814 0.025848765432098762 0.02835648148148148
3 0.2359182098765432 0.44328703703703703 0.10686728395061727 0.11689814814814814
3 0.32870370370370366 0.5205439814814814 0.06944444444444445 0.10821759259259259
3 0.36979166666666663 0.45804398148148145 0.02662037037037037 0.03761574074074074
3 0.4083719135802469 0.4325810185185185 0.04050925925925926 0.06076388888888889
3 0.5063657407407407 0.40104166666666663 0.028935185185185182 0.03587962962962963
3 0.5572916666666666 0.45515046296296297 0.02970679012345679 0.03414351851851852
3 0.625 0.4704861111111111 0.038580246913580245 0.06828703703703703
3 0.7611882716049382 0.5153356481481481 0.027777777777777776 0.029513888888888888
3 0.8362268518518519 0.5454282407407407 0.05362654320987654 0.06655092592592592
3 0.6670524691358024 0.35040509259259256 0.043209876543209874 0.05613425925925926
