2 0.03732638888888889 0.20052083333333331 0.01716820987654321 0.030671296296296294
2 0.0030864197530864196 0.17491319444444445 0.006172839506172839 0.02054398148148148
2 0.3551311728395061 0.09837962962962962 0.013888888888888888 0.022569444444444444
2 0.07937885802469136 0.3450520833333333 0.013310185185185185 0.022858796296296294
2 0.0798611111111111 0.39380787037037035 0.022376543209876542 0.03819444444444444
2 0.20476466049382716 0.9312789351851851 0.018325617283950615 0.03501157407407407
2 0.1707175925925926 0.7508680555555555 0.027391975308641972 0.018518518518518517
2 0.09519675925925926 0.6747685185185185 0.012152777777777776 0.021412037037037035
2 0.11448688271604937 0.6304976851851851 0.012152777777777776 0.012152777777777776
2 0.31741898148148145 0.7235243055555555 0.02642746913580247 0.04253472222222222
2 0.4099151234567901 0.3845486111111111 0.01427469135802469 0.0318287037037037
2 0.4133873456790123 0.3488136574074074 0.017361111111111112 0.015335648148148147
2 0.44695216049382713 0.43171296296296297 0.017361111111111112 0.028935185185185182
2 0.5296103395061728 0.5483217592592592 0.018325617283950615 0.021412037037037035
2 0.4895833333333333 0.5452835648148148 0.013117283950617283 0.018229166666666664
2 0.49209104938271603 0.46310763888888884 0.010030864197530864 0.018229166666666664
2 0.5972222222222222 0.6100983796296297 0.017361111111111112 0.022858796296296294
2 0.5641396604938271 0.716579861111111 0.02025462962962963 0.022858796296296294
2 0.8809799382716049 0.3336226851851852 0.018132716049382713 0.03356481481481481
2 0.8240740740740741 0.41420717592592593 0.01427469135802469 0.027488425925925923
2 0.8525270061728395 0.2703993055555555 0.02218364197530864 0.022858796296296294
2 0.9073109567901234 0.2825520833333333 0.012152777777777776 0.013599537037037037
2 0.9063464506172839 0.31452546296296297 0.010223765432098766 0.016782407407407406
2 0.9220679012345678 0.3723958333333333 0.009259259259259259 0.013888888888888888
2 0.9195601851851851 0.41507523148148145 0.010030864197530864 0.019965277777777776
2 0.9581404320987654 0.43344907407407407 0.022376543209876542 0.028935185185185182
2 0.9905478395061728 0.42418981481481477 0.008101851851851851 0.013888888888888888
2 0.9215856481481481 0.24537037037037035 0.024498456790123455 0.03356481481481481
2 0.9373070987654321 0.1880787037037037 0.051697530864197525 0.0625
2 0.9738618827160493 0.2757523148148148 0.015239197530864196 0.021412037037037035
2 0.9586226851851851 0.2977430555555555 0.007137345679012345 0.016782407407407406
2 0.9505208333333333 0.26432291666666663 0.015239197530864196 0.025752314814814815
2 0.16820987654320987 0.053385416666666664 0.010030864197530864 0.015335648148148147
2 0.19511959876543208 0.12123842592592592 0.01716820987654321 0.04108796296296296
