2 0.3915895061728395 0.2439236111111111 0.06327160493827161 0.13020833333333331
2 0.4847608024691358 0.2624421296296296 0.041666666666666664 0.04513888888888889
2 0.4724151234567901 0.41681134259259256 0.04282407407407407 0.04832175925925926
2 0.9579475308641975 0.798611111111111 0.02353395061728395 0.030671296296296294
2 0.9429012345679012 0.8459201388888888 0.019290123456790122 0.03211805555555555
0 0.5234375 0.4092881944444444 0.01253858024691358 0.013020833333333332
0 0.6141010802469136 0.5481770833333333 0.018325617283950615 0.021701388888888888
2 0.5484182098765432 0.7065972222222222 0.021219135802469133 0.03356481481481481
2 0.5931712962962963 0.6876446759259259 0.019290123456790122 0.022858796296296294
2 0.62866512345679 0.6969039351851851 0.02353395061728395 0.022858796296296294
2 0.6292438271604938 0.7690972222222222 0.022376543209876542 0.021412037037037035
2 0.6058063271604938 0.8117766203703703 0.016396604938271605 0.024594907407407406
2 0.5662615740740741 0.7531828703703703 0.02025462962962963 0.04108796296296296
