1 0.075125 0.3239146706586827 0.14325000000000002 0.4921407185628743
1 0.5625 0.5252619760479043 0.3145 0.5295658682634731
1 0.27975 0.878368263473054 0.0815 0.24251497005988026
1 0.467375 0.8993263473053893 0.20675000000000002 0.20059880239520958
1 0.9001250000000001 0.7458832335329342 0.19925 0.5044910179640719
1 0.089375 0.8312125748502994 0.17375000000000002 0.33682634730538924
1 0.93025 0.04098053892215569 0.136 0.08196107784431138
1 0.027625 0.7125748502994013 0.05525 0.18637724550898205
1 0.04125 0.8484281437125749 0.082 0.16766467065868265
1 0.11325 0.5999251497005988 0.108 0.0688622754491018
