3 0.97241512345679 0.2445023148148148 0.05362654320987654 0.15104166666666666
3 0.21450617283950615 0.7711226851851851 0.03626543209876543 0.07581018518518517
3 0.15605709876543208 0.8900462962962963 0.03279320987654321 0.037037037037037035
3 0.3153935185185185 0.6785300925925926 0.062114197530864196 0.08622685185185185
3 0.5044367283950617 0.5795717592592592 0.1909722222222222 0.14988425925925924
3 0.5212191358024691 0.7844328703703703 0.0625 0.12326388888888888
3 0.7532793209876543 0.45283564814814814 0.06134259259259259 0.109375
2 0.8150077160493827 0.4548611111111111 0.04436728395061728 0.07870370370370369
2 0.6626157407407407 0.2175925925925926 0.015046296296296295 0.019675925925925923
3 0.03375771604938271 0.6212384259259259 0.06751543209876543 0.12326388888888888
3 0.02681327160493827 0.8179976851851851 0.05362654320987654 0.08969907407407407
3 0.03973765432098765 0.9502314814814814 0.06327160493827161 0.09837962962962962
