2 0.6529706790123456 0.36776620370370366 0.03973765432098765 0.05324074074074074
2 0.6380208333333333 0.5791377314814814 0.01408179012345679 0.019386574074074073
2 0.6889467592592592 0.579861111111111 0.021412037037037035 0.020833333333333332
2 0.7028356481481481 0.21585648148148148 0.05150462962962963 0.0642361111111111
2 0.39052854938271603 0.4934895833333333 0.04263117283950617 0.08246527777777778
2 0.4575617283950617 0.41724537037037035 0.04050925925925926 0.07002314814814814
2 0.480420524691358 0.4973958333333333 0.029513888888888888 0.0625
2 0.46064814814814814 0.5490451388888888 0.048611111111111105 0.05931712962962963
2 0.519483024691358 0.5849247685185185 0.0628858024691358 0.051793981481481476
2 0.5611496913580246 0.5474537037037037 0.08719135802469136 0.05324074074074074
2 0.8372878086419753 0.6824363425925926 0.0792824074074074 0.12181712962962962
2 0.876929012345679 0.7446469907407407 0.07098765432098765 0.06394675925925926
2 0.8596643518518517 0.9351851851851851 0.02025462962962963 0.04282407407407407
2 0.9429012345679012 0.6085069444444444 0.0790895061728395 0.05324074074074074
