2 0.3587962962962963 0.5766782407407407 0.05362654320987654 0.08854166666666666
2 0.5029899691358024 0.5188078703703703 0.07388117283950617 0.0625
2 0.5394483024691358 0.5823206018518519 0.05459104938271605 0.04195601851851852
2 0.765528549382716 0.5470196759259259 0.03761574074074074 0.04832175925925926
2 0.8646797839506173 0.7913773148148148 0.03414351851851852 0.08043981481481481
2 0.9841820987654321 0.7570891203703703 0.03125 0.09866898148148148
2 0.01871141975308642 0.5052083333333333 0.03742283950617284 0.03530092592592592
2 0.13647762345679013 0.90625 0.024498456790123455 0.03356481481481481
2 0.18296682098765432 0.9751157407407407 0.021026234567901234 0.04918981481481481
2 0.28173225308641975 0.9207175925925926 0.021412037037037035 0.024305555555555552
