2 0.8262648809523809 0.4864417989417989 0.01810515873015873 0.015873015873015872
2 0.8591269841269841 0.41666666666666663 0.012896825396825396 0.023148148148148147
2 0.8824404761904762 0.5231481481481481 0.0183531746031746 0.01455026455026455
2 0.9621775793650793 0.4864417989417989 0.01413690476190476 0.021825396825396824
2 0.01066468253968254 0.13574735449735448 0.02132936507936508 0.03009259259259259
2 0.04241071428571428 0.07390873015873016 0.011904761904761904 0.012896825396825396
2 0.4888392857142857 0.7934854497354497 0.011904761904761904 0.011574074074074073
2 0.4052579365079365 0.015542328042328041 0.012896825396825396 0.023148148148148147
2 0.37834821428571425 0.34788359788359785 0.010168650793650792 0.021825396825396824
2 0.37996031746031744 0.36789021164021163 0.013392857142857142 0.023478835978835978
2 0.41294642857142855 0.3265542328042328 0.015376984126984126 0.020833333333333332
2 0.7492559523809523 0.20105820105820105 0.014384920634920634 0.017857142857142856
2 0.7565724206349206 0.22519841269841268 0.010168650793650792 0.011243386243386243
2 0.7746775793650793 0.2286706349206349 0.017609126984126984 0.020833333333333332
2 0.41294642857142855 0.390542328042328 0.011408730158730158 0.016534391534391533
2 0.4253472222222222 0.3700396825396825 0.011408730158730158 0.016534391534391533
2 0.46416170634920634 0.3450727513227513 0.006200396825396825 0.010912698412698412
2 0.4392361111111111 0.49801587301587297 0.014384920634920634 0.021825396825396824
2 0.5384424603174602 0.6226851851851851 0.01240079365079365 0.01521164021164021
2 0.5612599206349206 0.5021494708994708 0.01240079365079365 0.0248015873015873
2 0.5581597222222222 0.5345568783068783 0.008184523809523808 0.012235449735449735
2 0.589657738095238 0.5276124338624338 0.013640873015873016 0.020833333333333332
2 0.6217757936507936 0.5304232804232804 0.011408730158730158 0.023148148148148147
2 0.6800595238095237 0.5228174603174602 0.010416666666666666 0.013888888888888888
2 0.7105654761904762 0.5221560846560847 0.013392857142857142 0.0205026455026455
2 0.7188740079365079 0.5787037037037037 0.015625 0.0205026455026455
2 0.7710813492063492 0.6378968253968254 0.014384920634920634 0.017857142857142856
2 0.749875992063492 0.6529431216931216 0.015625 0.026124338624338623
2 0.6139632936507936 0.41468253968253965 0.016617063492063492 0.017857142857142856
2 0.6537698412698413 0.32705026455026454 0.013392857142857142 0.016534391534391533
2 0.7844742063492063 0.14384920634920634 0.010416666666666666 0.013888888888888888
2 0.8211805555555555 0.18799603174603174 0.011408730158730158 0.013558201058201057
2 0.8360615079365079 0.23412698412698413 0.0248015873015873 0.031746031746031744
2 0.8686755952380952 0.238260582010582 0.017609126984126984 0.020833333333333332
2 0.8526785714285714 0.26455026455026454 0.008432539682539682 0.012566137566137565
2 0.8712797619047619 0.26173941798941797 0.008432539682539682 0.00958994708994709
2 0.44494047619047616 0.4168320105820106 0.015376984126984126 0.022156084656084655
2 0.46664186507936506 0.40773809523809523 0.007192460317460317 0.017857142857142856
2 0.5121527777777778 0.41203703703703703 0.013392857142857142 0.01521164021164021
2 0.501736111111111 0.4505621693121693 0.011408730158730158 0.020833333333333332
2 0.4889632936507936 0.4174933862433862 0.008184523809523808 0.00958994708994709
2 0.5757688492063492 0.4194775132275132 0.016617063492063492 0.01951058201058201
2 0.15922619047619047 0.2556216931216931 0.010416666666666666 0.013888888888888888
