2 0.49710648148148145 0.39510995370370366 0.05131172839506173 0.04658564814814815
2 0.47617669753086417 0.5341435185185185 0.06963734567901234 0.07060185185185185
2 0.9852430555555555 0.4962384259259259 0.029128086419753084 0.046296296296296294
2 0.925733024691358 0.5927372685185185 0.025848765432098762 0.030381944444444444
2 0.16811342592592593 0.6419270833333333 0.021412037037037035 0.025752314814814815
2 0.04755015432098765 0.521267361111111 0.018325617283950615 0.02228009259259259
2 0.12837577160493827 0.4665798611111111 0.012924382716049381 0.019386574074074073
2 0.19598765432098764 0.014612268518518517 0.027777777777777776 0.029224537037037035
2 0.4290123456790123 0.09606481481481481 0.03742283950617284 0.030671296296296294
2 0.7702546296296295 0.3114872685185185 0.024305555555555552 0.04427083333333333
2 0.0074266975308641976 0.6449652777777778 0.014853395061728395 0.04108796296296296
