2 0.24749228395061726 0.12789351851851852 0.03742283950617284 0.05671296296296296
2 0.008873456790123456 0.18344907407407407 0.017746913580246913 0.028935185185185182
2 0.026234567901234566 0.29050925925925924 0.016975308641975308 0.020833333333333332
2 0.14525462962962962 0.7644675925925926 0.021219135802469133 0.020833333333333332
2 0.203125 0.763599537037037 0.021219135802469133 0.0318287037037037
2 0.33854166666666663 0.48234953703703703 0.028935185185185182 0.0642361111111111
2 0.4542824074074074 0.6663773148148148 0.018132716049382713 0.030671296296296294
2 0.6396604938271605 0.38339120370370366 0.022376543209876542 0.043402777777777776
2 0.6172839506172839 0.3350694444444444 0.011574074074074073 0.020833333333333332
2 0.570216049382716 0.33188657407407407 0.016203703703703703 0.030671296296296294
2 0.4735725308641975 0.3249421296296296 0.011959876543209876 0.03530092592592592
2 0.3369984567901234 0.16319444444444445 0.01273148148148148 0.024305555555555552
