2 0.44733796296296297 0.9149305555555555 0.02353395061728395 0.028935185185185182
2 0.09220679012345678 0.41782407407407407 0.016203703703703703 0.02546296296296296
2 0.019675925925925923 0.7074652777777778 0.008487654320987654 0.015625
2 0.09587191358024691 0.9019097222222222 0.017361111111111112 0.026041666666666664
2 0.10185185185185185 0.9678819444444444 0.013888888888888888 0.022569444444444444
2 0.22685185185185183 0.5706018518518519 0.017746913580246913 0.03125
2 0.24170524691358022 0.5254629629629629 0.018132716049382713 0.03587962962962963
2 0.3055555555555555 0.5908564814814814 0.013117283950617283 0.02662037037037037
2 0.3431712962962963 0.6510416666666666 0.015046296296296295 0.02546296296296296
2 0.36670524691358025 0.6197916666666666 0.01273148148148148 0.019675925925925923
2 0.41878858024691357 0.5633680555555555 0.015817901234567902 0.02835648148148148
2 0.4924768518518518 0.6889467592592592 0.022762345679012343 0.017939814814814815
2 0.5190972222222222 0.6481481481481481 0.016589506172839504 0.02546296296296296
2 0.4488811728395061 0.5396412037037037 0.015046296296296295 0.03414351851851852
2 0.4836033950617284 0.5410879629629629 0.01273148148148148 0.027777777777777776
2 0.4741512345679012 0.5020254629629629 0.007716049382716049 0.017939814814814815
2 0.4618055555555555 0.36979166666666663 0.010802469135802469 0.02662037037037037
2 0.6003086419753086 0.44184027777777773 0.014660493827160493 0.03414351851851852
2 0.5788966049382716 0.6041666666666666 0.019675925925925923 0.03587962962962963
2 0.5943287037037037 0.5824652777777778 0.011188271604938271 0.013310185185185185
2 0.5677083333333333 0.5561342592592592 0.01273148148148148 0.016203703703703703
2 0.6199845679012346 0.5784143518518519 0.016975308641975308 0.02835648148148148
2 0.6348379629629629 0.548611111111111 0.01890432098765432 0.02199074074074074
2 0.6630015432098765 0.6403356481481481 0.011959876543209876 0.013310185185185185
2 0.7185570987654321 0.6197916666666666 0.019675925925925923 0.019675925925925923
2 0.7303240740740741 0.5703125 0.027777777777777776 0.04456018518518518
2 0.6788194444444444 0.5552662037037037 0.015817901234567902 0.02025462962962963
2 0.6793981481481481 0.5865162037037037 0.010802469135802469 0.017939814814814815
