2 0.2735615079365079 0.10548941798941798 0.010912698412698412 0.015873015873015872
2 0.17051091269841268 0.3450727513227513 0.006200396825396825 0.016203703703703703
2 0.15277777777777776 0.4072420634920635 0.006944444444444444 0.016203703703703703
2 0.06820436507936507 0.7726521164021164 0.011904761904761904 0.021494708994708994
2 0.08978174603174603 0.48131613756613756 0.016369047619047616 0.02017195767195767
2 0.08816964285714285 0.5218253968253967 0.015128968253968252 0.017195767195767195
2 0.07254464285714285 0.9551917989417988 0.01413690476190476 0.015542328042328041
2 0.5378224206349206 0.43981481481481477 0.013144841269841268 0.017195767195767195
2 0.6300843253968254 0.5345568783068783 0.009672619047619048 0.011574074074074073
2 0.7232142857142857 0.560515873015873 0.025793650793650792 0.028439153439153438
2 0.6591021825396826 0.5970568783068783 0.016121031746031744 0.021494708994708994
2 0.7540922619047619 0.6216931216931216 0.022569444444444444 0.02447089947089947
2 0.6984126984126984 0.6691468253968254 0.017361111111111112 0.021494708994708994
2 0.35181051587301587 0.03356481481481481 0.011656746031746032 0.027447089947089946
2 0.421875 0.12351190476190475 0.011904761904761904 0.02017195767195767
2 0.4342757936507936 0.06233465608465608 0.010912698412698412 0.015542328042328041
2 0.5669642857142857 0.053736772486772486 0.010912698412698412 0.018849206349206348
2 0.7760416666666666 0.8458994708994708 0.012896825396825396 0.02447089947089947
