2 0.5368441358024691 0.31510416666666663 0.04591049382716049 0.054976851851851846
2 0.5893132716049383 0.2847222222222222 0.03742283950617284 0.03819444444444444
2 0.6087962962962963 0.6799768518518519 0.035493827160493825 0.028935185185185182
2 0.5063657407407407 0.6414930555555555 0.02970679012345679 0.04456018518518518
2 0.7052469135802468 0.4453125 0.035493827160493825 0.048032407407407406
2 0.7565586419753086 0.5234375 0.035493827160493825 0.05613425925925926
2 0.045524691358024685 0.7693865740740741 0.044753086419753084 0.10127314814814814
2 0.14891975308641975 0.7757523148148148 0.030864197530864196 0.0792824074074074
2 0.21412037037037035 0.9571759259259258 0.045524691358024685 0.08449074074074074
3 0.6082175925925926 0.5879629629629629 0.07600308641975308 0.10995370370370369
