2 0.35185185185185186 0.1948784722222222 0.06327160493827161 0.09635416666666666
2 0.4011381172839506 0.051793981481481476 0.05690586419753086 0.0931712962962963
2 0.22164351851851852 0.4351851851851852 0.062114197530864196 0.06597222222222222
2 0.29128086419753085 0.4304108796296296 0.04938271604938271 0.11429398148148147
2 0.6015625 0.47135416666666663 0.04378858024691358 0.08043981481481481
2 0.5437885802469136 0.7583912037037036 0.04822530864197531 0.08854166666666666
2 0.4879436728395061 0.9037905092592592 0.05690586419753086 0.1189236111111111
2 0.8672839506172839 0.36689814814814814 0.05246913580246913 0.0931712962962963
2 0.9386574074074073 0.38382523148148145 0.04282407407407407 0.04658564814814815
2 0.9231288580246914 0.5203993055555556 0.022569444444444444 0.056423611111111105
2 0.9552469135802468 0.6017071759259259 0.024691358024691357 0.07725694444444443
2 0.9858217592592592 0.5176504629629629 0.02797067901234568 0.0474537037037037
2 0.7258873456790123 0.7391493055555555 0.02044753086419753 0.06278935185185185
2 0.8770254629629629 0.25839120370370366 0.02681327160493827 0.030671296296296294
