2 0.25559413580246915 0.3995949074074074 0.021219135802469133 0.030671296296296294
2 0.2706404320987654 0.7196180555555555 0.015046296296296295 0.027199074074074073
2 0.34780092592592593 0.47251157407407407 0.021219135802469133 0.03530092592592592
2 0.4126157407407407 0.37557870370370366 0.02044753086419753 0.03356481481481481
2 0.6772762345679012 0.6469907407407407 0.02044753086419753 0.03356481481481481
2 0.5723379629629629 0.6157407407407407 0.011959876543209876 0.019675925925925923
2 0.43614969135802467 0.48090277777777773 0.018132716049382713 0.032407407407407406
2 0.472608024691358 0.42939814814814814 0.016203703703703703 0.028935185185185182
2 0.3732638888888889 0.6197916666666666 0.013503086419753086 0.04282407407407407
2 0.3940972222222222 0.6116898148148148 0.015817901234567902 0.03587962962962963
