2 0.5864800347222222 0.4344618055555555 0.055338541666666664 0.10561342592592592
2 0.6217447916666666 0.2478298611111111 0.05859375 0.0853587962962963
2 0.6608072916666666 0.3657407407407407 0.04991319444444444 0.08680555555555555
2 0.8257378472222222 0.5089699074074073 0.05208333333333333 0.034722222222222224
2 0.02712673611111111 0.3778935185185185 0.05425347222222222 0.059027777777777776
2 0.11176215277777778 0.3635706018518518 0.043402777777777776 0.03327546296296296
2 0.13617621527777776 0.71875 0.02712673611111111 0.028935185185185182
2 0.1638454861111111 0.7744502314814814 0.01953125 0.03616898148148148
2 0.5354817708333333 0.7874710648148148 0.05099826388888889 0.0708912037037037
2 0.35101996527777773 0.7975983796296295 0.035807291666666664 0.06510416666666666
2 0.5479600694444444 0.6304976851851851 0.0390625 0.08391203703703703
2 0.4747178819444444 0.9328703703703703 0.011935763888888888 0.034722222222222224
2 0.47992621527777773 0.6435185185185185 0.027994791666666664 0.04282407407407407
2 0.6468098958333333 0.7876157407407407 0.020616319444444444 0.03587962962962963
