2 0.22511574074074073 0.4108796296296296 0.011959876543209876 0.027777777777777776
2 0.4131944444444444 0.3515625 0.019290123456790122 0.027199074074074073
2 0.5881558641975309 0.43634259259259256 0.009645061728395061 0.037037037037037035
2 0.642361111111111 0.5515046296296297 0.021604938271604937 0.019675925925925923
2 0.6479552469135802 0.3506944444444444 0.015046296296296295 0.028935185185185182
2 0.7795138888888888 0.26822916666666663 0.015046296296296295 0.027199074074074073
2 0.6739969135802468 0.040219907407407406 0.016203703703703703 0.026041666666666664
2 0.7116126543209876 0.3706597222222222 0.022762345679012343 0.03645833333333333
2 0.7550154320987654 0.4117476851851852 0.008487654320987654 0.022569444444444444
2 0.7993827160493827 0.390625 0.024691358024691357 0.041666666666666664
2 0.9037422839506173 0.20052083333333331 0.008101851851851851 0.014467592592592591
2 0.8885030864197531 0.8431712962962963 0.030864197530864196 0.032407407407407406
2 0.3107638888888889 0.501736111111111 0.02970679012345679 0.03587962962962963
2 0.3333333333333333 0.46846064814814814 0.020833333333333332 0.02835648148148148
