2 0.38271604938271603 0.3978587962962963 0.024691358024691357 0.043402777777777776
2 0.4249614197530864 0.47366898148148145 0.017361111111111112 0.030671296296296294
2 0.45389660493827155 0.5234375 0.015046296296296295 0.027199074074074073
2 0.5397376543209876 0.751736111111111 0.019290123456790122 0.03356481481481481
2 0.5443672839506173 0.49189814814814814 0.018518518518518517 0.02546296296296296
2 0.5 0.44849537037037035 0.006172839506172839 0.006944444444444444
2 0.5750385802469136 0.4366319444444444 0.022762345679012343 0.03993055555555555
2 0.6657021604938271 0.2488425925925926 0.03125 0.03587962962962963
2 0.8020833333333333 0.39554398148148145 0.020061728395061727 0.0318287037037037
2 0.8234953703703703 0.4152199074074074 0.01273148148148148 0.026041666666666664
