2 0.22723765432098764 0.28530092592592593 0.022376543209876542 0.03356481481481481
2 0.2646604938271605 0.2977430555555555 0.018518518518518517 0.05150462962962963
2 0.3310185185185185 0.2149884259259259 0.022376543209876542 0.10127314814814814
2 0.36168981481481477 0.34027777777777773 0.04050925925925926 0.07870370370370369
2 0.35995370370370366 0.42766203703703703 0.022376543209876542 0.05439814814814815
2 0.2866512345679012 0.5217013888888888 0.021604938271604937 0.043402777777777776
2 0.5771604938271605 0.5054976851851851 0.021604938271604937 0.059606481481481476
2 0.6172839506172839 0.6070601851851851 0.035493827160493825 0.05324074074074074
2 0.6194058641975309 0.3177083333333333 0.022762345679012343 0.04976851851851852
2 0.6971450617283951 0.5185185185185185 0.013117283950617283 0.017361111111111112
3 0.6365740740740741 0.5176504629629629 0.046296296296296294 0.03877314814814815
2 0.5667438271604938 0.7676504629629629 0.03317901234567901 0.046875
2 0.8605324074074073 0.20688657407407407 0.018132716049382713 0.030671296296296294
2 0.2717978395061728 0.8110532407407407 0.03433641975308642 0.03993055555555555
2 0.21373456790123455 0.9131944444444444 0.05555555555555555 0.06481481481481481
3 0.6984953703703703 0.22366898148148148 0.028935185185185182 0.061921296296296294
