2 0.6491402116402116 0.1369047619047619 0.03306878306878307 0.02232142857142857
2 0.94510582010582 0.049479166666666664 0.023148148148148147 0.016121031746031744
3 0.4811507936507936 0.8578869047619048 0.13756613756613756 0.09375
2 0.45998677248677244 0.8187003968253967 0.04431216931216931 0.031746031746031744
2 0.5573743386243386 0.8655753968253967 0.018187830687830687 0.023313492063492064
2 0.38657407407407407 0.8117559523809523 0.018518518518518517 0.017857142857142856
2 0.47833994708994704 0.714657738095238 0.022156084656084655 0.022073412698412696
2 0.539021164021164 0.7297867063492063 0.0291005291005291 0.027529761904761904
2 0.5307539682539683 0.6603422619047619 0.042328042328042326 0.034474206349206345
2 0.5876322751322751 0.5652281746031745 0.031084656084656083 0.023313492063492064
2 0.42592592592592593 0.6499255952380952 0.023809523809523808 0.01909722222222222
2 0.40955687830687826 0.5472470238095237 0.04596560846560846 0.03149801587301587
2 0.49222883597883593 0.4348958333333333 0.034722222222222224 0.027529761904761904
