2 0.5835262345679012 0.1736111111111111 0.025848765432098762 0.028935185185185182
2 0.6383101851851851 0.34172453703703703 0.02353395061728395 0.043402777777777776
2 0.829861111111111 0.41001157407407407 0.038580246913580245 0.048032407407407406
2 0.8994984567901234 0.33854166666666663 0.03433641975308642 0.05324074074074074
2 0.3462577160493827 0.9108796296296295 0.19405864197530864 0.15277777777777776
2 0.35841049382716045 0.5121527777777778 0.029320987654320986 0.032407407407407406
2 0.4212962962962963 0.6064814814814814 0.014660493827160493 0.027777777777777776
2 0.48148148148148145 0.33796296296296297 0.038580246913580245 0.06712962962962962
2 0.538966049382716 0.4609375 0.032407407407407406 0.04918981481481481
2 0.5216049382716049 0.5367476851851851 0.035493827160493825 0.07002314814814814
2 0.47916666666666663 0.5457175925925926 0.039351851851851846 0.0636574074074074
1 0.5339506172839505 0.6331018518518519 0.042438271604938266 0.048611111111111105
