1 0.44075000000000003 0.2982784431137725 0.021 0.02544910179640719
1 0.43625 0.33046407185628746 0.014 0.017964071856287428
1 0.40825 0.6006736526946108 0.018000000000000002 0.0344311377245509
1 0.42875 0.7855538922155689 0.021 0.029940119760479042
1 0.68225 0.44199101796407186 0.096 0.20808383233532934
1 0.71425 0.6770209580838323 0.024 0.02544910179640719
1 0.70325 0.784056886227545 0.04 0.11976047904191617
1 0.74575 0.5669910179640719 0.015 0.04191616766467066
1 0.82825 0.690494011976048 0.066 0.12125748502994013
1 0.83175 0.7922904191616766 0.025 0.0344311377245509
1 0.7242500000000001 0.9577095808383234 0.03 0.08383233532934133
1 0.7917500000000001 0.8005239520958084 0.065 0.08383233532934133
1 0.7741250000000001 0.9285179640718564 0.04425 0.14221556886227546
1 0.9705 0.14109281437125748 0.0585 0.1032934131736527
1 0.57725 0.3843562874251497 0.018000000000000002 0.03293413173652695
