2 0.615162037037037 0.7068865740740741 0.011959876543209876 0.014467592592592591
2 0.7152777777777778 0.677662037037037 0.013117283950617283 0.020833333333333332
2 0.759645061728395 0.5474537037037037 0.013888888888888888 0.020833333333333332
2 0.1423611111111111 0.5471643518518519 0.010802469135802469 0.013310185185185185
2 0.1714891975308642 0.40682870370370366 0.009645061728395061 0.011574074074074073
2 0.251929012345679 0.6264467592592592 0.020833333333333332 0.02372685185185185
2 0.2797067901234568 0.40827546296296297 0.016975308641975308 0.029513888888888888
2 0.33815586419753085 0.5899884259259259 0.01273148148148148 0.013310185185185185
2 0.3657407407407407 0.6510416666666666 0.016975308641975308 0.016203703703703703
2 0.42168209876543206 0.609375 0.013888888888888888 0.02546296296296296
2 0.4438657407407407 0.3298611111111111 0.01273148148148148 0.020833333333333332
2 0.5048225308641975 0.37644675925925924 0.018132716049382713 0.03414351851851852
2 0.4741512345679012 0.30005787037037035 0.010030864197530864 0.014467592592592591
