2 0.3948688271604938 0.7702546296296295 0.03665123456790123 0.032407407407407406
2 0.5983796296296297 0.5963541666666666 0.04938271604938271 0.06770833333333333
2 0.7372685185185185 0.6059027777777778 0.022376543209876542 0.028935185185185182
2 0.5970293209876543 0.7228009259259259 0.028935185185185182 0.03356481481481481
2 0.18518518518518517 0.5960648148148148 0.027777777777777776 0.048611111111111105
2 0.24672067901234568 0.5885416666666666 0.03742283950617284 0.057870370370370364
2 0.27932098765432095 0.4386574074074074 0.027777777777777776 0.07291666666666666
2 0.3119212962962963 0.5671296296296297 0.04359567901234568 0.05092592592592592
2 0.36979166666666663 0.6140046296296297 0.03279320987654321 0.057870370370370364
2 0.5987654320987654 0.3570601851851852 0.007716049382716049 0.010416666666666666
2 0.915895061728395 0.17910879629629628 0.1257716049382716 0.2065972222222222
