1 0.381875 0.42982784431137727 0.6647500000000001 0.594685628742515
1 0.882 0.7660928143712575 0.23 0.46706586826347307
1 0.928 0.17795658682634732 0.14350000000000002 0.13510479041916168
1 0.9495 0.3590943113772455 0.1005 0.18300898203592816
1 0.7332500000000001 0.4225299401197605 0.064 0.09131736526946109
1 0.69425 0.7264221556886228 0.06 0.07035928143712575
1 0.61375 0.7773203592814372 0.025 0.08233532934131738
1 0.74925 0.9427395209580839 0.088 0.11377245508982037
1 0.75025 0.8125 0.014 0.029940119760479042
1 0.71375 0.8506736526946108 0.027 0.037425149700598806
