2 0.8068094135802468 0.3098958333333333 0.014853395061728395 0.024305555555555552
2 0.7017746913580246 0.5413773148148148 0.01273148148148148 0.030671296296296294
2 0.29562114197530864 0.4136284722222222 0.01716820987654321 0.022858796296296294
2 0.24334490740740738 0.5970775462962963 0.018325617283950615 0.015335648148148147
2 0.2119020061728395 0.5824652777777778 0.010223765432098766 0.016782407407407406
2 0.17235725308641975 0.5856481481481481 0.02025462962962963 0.013888888888888888
2 0.18595679012345678 0.6890914351851851 0.027391975308641972 0.022858796296296294
2 0.21952160493827158 0.7583912037037036 0.029320987654320986 0.057870370370370364
2 0.24797453703703703 0.677662037037037 0.009066358024691357 0.012152777777777776
2 0.25048225308641975 0.7051504629629629 0.016396604938271605 0.021412037037037035
2 0.20177469135802467 0.8201678240740741 0.006172839506172839 0.013599537037037037
2 0.43123070987654316 0.47453703703703703 0.02642746913580247 0.028935185185185182
2 0.4586226851851852 0.43113425925925924 0.01408179012345679 0.024305555555555552
2 0.5139853395061728 0.3679108796296296 0.02334104938271605 0.022858796296296294
2 0.5306712962962963 0.3038194444444444 0.018132716049382713 0.016782407407407406
2 0.5413773148148148 0.4470486111111111 0.01716820987654321 0.019675925925925923
2 0.5108989197530864 0.5910011574074073 0.013310185185185185 0.027488425925925923
2 0.47993827160493824 0.6495949074074073 0.02044753086419753 0.026041666666666664
2 0.5616319444444444 0.6799768518518519 0.021412037037037035 0.019675925925925923
2 0.24749228395061726 0.29094328703703703 0.024305555555555552 0.027488425925925923
2 0.27989969135802467 0.23379629629629628 0.024305555555555552 0.04108796296296296
