2 0.1892361111111111 0.49450231481481477 0.015046296296296295 0.027199074074074073
2 0.23900462962962962 0.640625 0.02044753086419753 0.03356481481481481
2 0.5673225308641975 0.4230324074074074 0.01273148148148148 0.032407407407407406
2 0.7586805555555555 0.03009259259259259 0.04205246913580247 0.037037037037037035
2 0.7650462962962963 0.10532407407407407 0.022376543209876542 0.03356481481481481
2 0.5401234567901234 0.5581597222222222 0.016203703703703703 0.022569444444444444
2 0.4917052469135802 0.7193287037037036 0.028935185185185182 0.024305555555555552
2 0.6392746913580246 0.5940393518518519 0.013117283950617283 0.01099537037037037
2 0.4292052469135802 0.8640046296296295 0.021219135802469133 0.03356481481481481
2 0.3439429012345679 0.9076967592592592 0.022762345679012343 0.027199074074074073
2 0.29417438271604934 0.9421296296296295 0.021219135802469133 0.03587962962962963
