2 0.7989969135802468 0.2586805555555555 0.027777777777777776 0.028935185185185182
2 0.8460648148148148 0.6574074074074073 0.023919753086419752 0.028935185185185182
2 0.8616898148148148 0.6866319444444444 0.02044753086419753 0.01909722222222222
2 0.8258101851851851 0.7201967592592592 0.025848765432098762 0.0318287037037037
2 0.7652391975308641 0.7783564814814814 0.02044753086419753 0.01273148148148148
3 0.7258873456790123 0.5818865740740741 0.03433641975308642 0.03877314814814815
2 0.6066743827160493 0.6116898148148148 0.02044753086419753 0.024305555555555552
2 0.3273533950617284 0.7242476851851851 0.025848765432098762 0.017939814814814815
2 0.22704475308641975 0.6655092592592592 0.02044753086419753 0.028935185185185182
2 0.1280864197530864 0.7459490740740741 0.021604938271604937 0.019675925925925923
2 0.03587962962962963 0.7120949074074073 0.02546296296296296 0.01909722222222222
2 0.1107253086419753 0.5489004629629629 0.019290123456790122 0.027199074074074073
2 0.03800154320987654 0.5379050925925926 0.017361111111111112 0.017939814814814815
2 0.6950231481481481 0.5162037037037037 0.01427469135802469 0.02199074074074074
2 0.0941358024691358 0.43344907407407407 0.013888888888888888 0.011574074074074073
