2 0.0812251984126984 0.34341931216931215 0.016121031746031744 0.03736772486772487
2 0.12053571428571427 0.30968915343915343 0.019345238095238096 0.012896825396825396
2 0.2919146825396825 0.4239417989417989 0.03869047619047619 0.04298941798941799
2 0.3880208333333333 0.595734126984127 0.034474206349206345 0.036044973544973546
2 0.5442708333333333 0.8171296296296295 0.05183531746031746 0.03571428571428571
2 0.591641865079365 0.6891534391534391 0.02802579365079365 0.06481481481481481
2 0.6586061507936507 0.8667328042328042 0.019593253968253968 0.023148148148148147
2 0.7249503968253967 0.898313492063492 0.0183531746031746 0.02017195767195767
2 0.6688988095238095 0.038525132275132275 0.011904761904761904 0.014219576719576719
2 0.657986111111111 0.004133597883597883 0.00744047619047619 0.008267195767195767
2 0.5727926587301587 0.09755291005291004 0.022569444444444444 0.017195767195767195
2 0.31398809523809523 0.7969576719576719 0.011904761904761904 0.015873015873015872
2 0.9244791666666666 0.738095238095238 0.016121031746031744 0.015873015873015872
2 0.7750496031746031 0.22056878306878305 0.012896825396825396 0.00992063492063492
2 0.5906498015873015 0.12698412698412698 0.015128968253968252 0.018518518518518517
