2 0.29128086419753085 0.6650752314814814 0.07716049382716049 0.06278935185185185
2 0.2281057098765432 0.7100694444444444 0.02989969135802469 0.027199074074074073
2 0.3337191358024691 0.40162037037037035 0.04822530864197531 0.07233796296296297
2 0.40277777777777773 0.3532986111111111 0.05362654320987654 0.06597222222222222
2 0.4071180555555555 0.3002025462962963 0.03645833333333333 0.030381944444444444
2 0.4766589506172839 0.5855034722222222 0.038580246913580245 0.038483796296296294
2 0.6031057098765432 0.8074363425925926 0.03645833333333333 0.038483796296296294
2 0.540991512345679 0.575954861111111 0.021412037037037035 0.12876157407407407
2 0.5983796296296297 0.4859664351851852 0.024691358024691357 0.0546875
2 0.5046296296296297 0.33391203703703703 0.015046296296296295 0.030671296296296294
2 0.6428433641975309 0.45688657407407407 0.02797067901234568 0.07407407407407407
2 0.6626157407407407 0.68359375 0.02044753086419753 0.051215277777777776
2 0.6873070987654321 0.7912326388888888 0.016203703703703703 0.03211805555555555
2 0.9638310185185185 0.4344618055555555 0.061149691358024685 0.09635416666666666
2 0.9718364197530863 0.3355034722222222 0.04089506172839506 0.024016203703703703
2 0.9450231481481481 0.5438368055555556 0.04938271604938271 0.025752314814814815
2 0.580054012345679 0.23017939814814814 0.06751543209876543 0.0546875
2 0.7715084876543209 0.04542824074074074 0.04070216049382716 0.02546296296296296
2 0.7977430555555555 0.17491319444444445 0.04610339506172839 0.04658564814814815
2 0.8812692901234568 0.10734953703703703 0.022569444444444444 0.05324074074074074
2 0.8900462962962963 0.02517361111111111 0.03510802469135802 0.05034722222222222
