2 0.0716628086419753 0.3958333333333333 0.01716820987654321 0.07407407407407407
2 0.21469907407407407 0.9006076388888888 0.08680555555555555 0.11255787037037036
2 0.26610725308641975 0.7591145833333333 0.05459104938271605 0.15422453703703703
2 0.053433641975308636 0.5277777777777778 0.025848765432098762 0.03530092592592592
2 0.40277777777777773 0.5509259259259259 0.03433641975308642 0.059606481481481476
2 0.41984953703703703 0.6569733796296295 0.05999228395061728 0.04658564814814815
2 0.4456018518518518 0.40162037037037035 0.04938271604938271 0.07233796296296297
2 0.5469714506172839 0.5219907407407407 0.03530092592592592 0.07870370370370369
2 0.44830246913580246 0.9625289351851851 0.03973765432098765 0.03674768518518518
2 0.5495756172839505 0.8081597222222222 0.027777777777777776 0.04976851851851852
2 0.638599537037037 0.7494212962962963 0.05150462962962963 0.05150462962962963
2 0.7649498456790123 0.44892939814814814 0.01716820987654321 0.025752314814814815
2 0.771412037037037 0.6024305555555555 0.027777777777777776 0.03356481481481481
2 0.8560956790123456 0.14988425925925924 0.038580246913580245 0.041666666666666664
2 0.8442322530864197 0.06380208333333333 0.04070216049382716 0.040219907407407406
2 0.7527006172839505 0.12427662037037036 0.04398148148148148 0.038483796296296294
2 0.34336419753086417 0.08883101851851852 0.08256172839506172 0.09953703703703703
2 0.462770061728395 0.13469328703703703 0.027777777777777776 0.04658564814814815
2 0.423707561728395 0.2384259259259259 0.02025462962962963 0.028935185185185182
2 0.3031442901234568 0.6048900462962963 0.02797067901234568 0.044849537037037035
2 0.408179012345679 0.051793981481481476 0.015046296296296295 0.022569444444444444
2 0.10378086419753085 0.07913773148148148 0.021604938271604937 0.038483796296296294
2 0.10513117283950617 0.007378472222222222 0.027391975308641972 0.014756944444444444
2 0.923611111111111 0.7084780092592592 0.038580246913580245 0.06915509259259259
2 0.9659529320987654 0.7776331018518519 0.03954475308641975 0.09172453703703703
2 0.9251543209876543 0.8748553240740741 0.024691358024691357 0.038483796296296294
2 0.5152391975308642 0.9270833333333333 0.03433641975308642 0.07233796296296297
2 0.9847608024691358 0.6675347222222222 0.019290123456790122 0.048032407407407406
2 0.13049768518518517 0.42635995370370366 0.01716820987654321 0.025752314814814815
2 0.03665123456790123 0.8411458333333333 0.015432098765432098 0.023148148148148147
2 0.18132716049382716 0.9735243055555555 0.030864197530864196 0.03616898148148148
