2 0.5308779761904762 0.1909722222222222 0.022569444444444444 0.034722222222222224
2 0.6273561507936508 0.19163359788359788 0.021577380952380952 0.021494708994708994
2 0.6670386904761905 0.009259259259259259 0.0091765873015873 0.018518518518518517
2 0.30431547619047616 0.3657407407407407 0.013888888888888888 0.015873015873015872
2 0.2509920634920635 0.4591600529100529 0.010912698412698412 0.015542328042328041
2 0.3116319444444444 0.41121031746031744 0.0091765873015873 0.0248015873015873
2 0.23524305555555555 0.43121693121693117 0.0091765873015873 0.00992063492063492
2 0.3468501984126984 0.4427910052910053 0.015625 0.016534391534391533
2 0.3462301587301587 0.3994708994708994 0.01240079365079365 0.0205026455026455
2 0.3194444444444444 0.4821428571428571 0.008432539682539682 0.017857142857142856
2 0.378844246031746 0.5889550264550264 0.011160714285714284 0.011243386243386243
2 0.41294642857142855 0.568287037037037 0.011408730158730158 0.022156084656084655
2 0.43985615079365076 0.4697420634920635 0.015625 0.023478835978835978
2 0.5297619047619048 0.5386904761904762 0.015376984126984126 0.01521164021164021
2 0.6004464285714285 0.44229497354497355 0.01240079365079365 0.026124338624338623
2 0.626860119047619 0.5436507936507936 0.013640873015873016 0.016534391534391533
2 0.646453373015873 0.5710978835978836 0.015625 0.01917989417989418
2 0.6961805555555555 0.531084656084656 0.013392857142857142 0.016534391534391533
2 0.7616567460317459 0.5277777777777778 0.014384920634920634 0.017857142857142856
2 0.7611607142857142 0.5813492063492063 0.011408730158730158 0.017857142857142856
2 0.671750992063492 0.3498677248677248 0.018601190476190476 0.03439153439153439
2 0.6733630952380952 0.4105489417989418 0.011408730158730158 0.018187830687830687
2 0.7121775793650793 0.40790343915343913 0.018601190476190476 0.040013227513227514
2 0.7457837301587301 0.4229497354497354 0.013392857142857142 0.03439153439153439
2 0.7874503968253967 0.37136243386243384 0.01240079365079365 0.01917989417989418
