1 0.69825 0.8604041916167665 0.3375 0.2784431137724551
1 0.14775 0.4958832335329342 0.14100000000000001 0.07185628742514971
1 0.27375 0.4951347305389222 0.039 0.07634730538922156
1 0.24675 0.5692365269461078 0.031 0.029940119760479042
1 0.34025 0.39708083832335334 0.03 0.04790419161676647
1 0.39375 0.29603293413173654 0.037 0.040419161676646706
1 0.51675 0.37687125748503 0.033 0.06736526946107785
1 0.48525 0.45247005988023953 0.024 0.059880239520958084
1 0.56725 0.3162425149700599 0.054 0.07185628742514971
1 0.63425 0.2009730538922156 0.07 0.19161676646706588
