1 0.284625 0.3686377245508982 0.05475 0.037425149700598806
1 0.606875 0.13604041916167667 0.25875 0.27208083832335334
1 0.39325 0.025261976047904193 0.0375 0.050523952095808386
1 0.48612500000000003 0.5282559880239521 0.35775 0.6186377245508983
1 0.8668750000000001 0.22174401197604793 0.26525 0.4375
1 0.84575 0.8592814371257486 0.0905 0.218562874251497
1 0.949625 0.8959580838323354 0.10025 0.1998502994011976
0 0.918875 0.8478667664670659 0.01725 0.022829341317365272
1 0.14025 0.47342814371257486 0.184 0.1317365269461078
1 0.17675 0.9502245508982037 0.117 0.09730538922155689
