3 0.09297839506172839 0.27228009259259256 0.18595679012345678 0.2193287037037037
3 0.10223765432098765 0.4765625 0.041666666666666664 0.05034722222222222
3 0.16898148148148148 0.9100115740740741 0.19521604938271603 0.17881944444444445
3 0.5547839506172839 0.7228009259259259 0.19290123456790123 0.16319444444444445
3 0.42862654320987653 0.5315393518518519 0.7337962962962963 0.40335648148148145
3 0.2075617283950617 0.7800925925925926 0.024691358024691357 0.037037037037037035
3 0.32272376543209874 0.7601273148148148 0.03973765432098765 0.04456018518518518
3 0.39216820987654316 0.7534722222222222 0.03356481481481481 0.05208333333333333
3 0.4579475308641975 0.2546296296296296 0.042438271604938266 0.0636574074074074
3 0.4868827160493827 0.2265625 0.013888888888888888 0.03761574074074074
