2 0.1720679012345679 0.6770833333333333 0.027777777777777776 0.028935185185185182
2 0.08314043209876543 0.5769675925925926 0.021219135802469133 0.028935185185185182
2 0.2980324074074074 0.45891203703703703 0.02044753086419753 0.04976851851851852
2 0.3285108024691358 0.18431712962962962 0.015046296296296295 0.043402777777777776
2 0.50366512345679 0.3359375 0.03973765432098765 0.06770833333333333
2 0.40084876543209874 0.5031828703703703 0.022376543209876542 0.0318287037037037
2 0.4544753086419753 0.5691550925925926 0.03780864197530864 0.04224537037037037
2 0.5947145061728395 0.47193287037037035 0.018132716049382713 0.052662037037037035
2 0.64429012345679 0.6953125 0.024691358024691357 0.030671296296296294
2 0.7137345679012346 0.6278935185185185 0.041666666666666664 0.05671296296296296
2 0.6141975308641975 0.603298611111111 0.010802469135802469 0.01909722222222222
2 0.570216049382716 0.6649305555555555 0.04938271604938271 0.05324074074074074
2 0.5607638888888888 0.728298611111111 0.05439814814814815 0.06076388888888889
2 0.9016203703703703 0.37731481481481477 0.041666666666666664 0.08912037037037036
2 0.9355709876543209 0.4114583333333333 0.034722222222222224 0.0798611111111111
2 0.8966049382716049 0.23929398148148145 0.021604938271604937 0.03298611111111111
