1 0.5952500000000001 0.8244760479041917 0.114 0.08233532934131738
1 0.21925 0.6133982035928144 0.062 0.09431137724550899
1 0.25725 0.6927395209580839 0.044 0.055389221556886234
1 0.24775 0.10217065868263474 0.039 0.062874251497006
1 0.11825000000000001 0.21220059880239522 0.05 0.07634730538922156
1 0.52675 0.16654191616766467 0.273 0.22455089820359284
1 0.51875 0.37687125748503 0.077 0.12724550898203593
1 0.62475 0.3626497005988024 0.099 0.11676646706586827
1 0.49675 0.6613023952095809 0.203 0.09431137724550899
1 0.53325 0.5138473053892216 0.038 0.09580838323353294
1 0.61825 0.5295658682634731 0.04 0.07035928143712575
1 0.72475 0.3723802395209581 0.081 0.1721556886227545
