2 0.44068287037037035 0.4778645833333333 0.06963734567901234 0.08015046296296297
2 0.17129629629629628 0.20355902777777776 0.05131172839506173 0.06568287037037036
2 0.5677083333333333 0.5607638888888888 0.04513888888888889 0.10127314814814814
2 0.5381944444444444 0.4288194444444444 0.04398148148148148 0.024305555555555552
2 0.5902777777777778 0.45688657407407407 0.015046296296296295 0.022569444444444444
2 0.48090277777777773 0.37731481481481477 0.025848765432098762 0.04976851851851852
2 0.5553626543209876 0.12413194444444443 0.035493827160493825 0.05150462962962963
2 0.6341628086419753 0.08232060185185185 0.032214506172839504 0.038483796296296294
2 0.695216049382716 0.07349537037037036 0.038580246913580245 0.08506944444444443
2 0.8650655864197531 0.7190393518518519 0.06539351851851852 0.10300925925925926
2 0.7916666666666666 0.875 0.11574074074074073 0.08680555555555555
2 0.6818094135802468 0.9021990740740741 0.04610339506172839 0.03877314814814815
2 0.7686149691358024 0.46021412037037035 0.03954475308641975 0.03211805555555555
2 0.9631558641975309 0.2400173611111111 0.019290123456790122 0.025752314814814815
2 0.9593942901234568 0.17795138888888887 0.02025462962962963 0.037037037037037035
