2 0.4171626984126984 0.470568783068783 0.010912698412698412 0.015873015873015872
2 0.08940972222222222 0.3979828042328042 0.017113095238095236 0.02017195767195767
2 0.057539682539682536 0.05439814814814815 0.022817460317460316 0.03141534391534391
2 0.4991319444444444 0.3406084656084656 0.030009920634920632 0.025793650793650792
2 0.5202132936507936 0.6339285714285714 0.016121031746031744 0.023148148148148147
2 0.6506696428571428 0.470734126984127 0.016121031746031744 0.021494708994708994
2 0.6199156746031745 0.5274470899470899 0.01066468253968254 0.008597883597883597
2 0.6764632936507936 0.5778769841269841 0.02058531746031746 0.02017195767195767
2 0.7633928571428571 0.5590277777777778 0.010912698412698412 0.011574074074074073
2 0.7983630952380952 0.375 0.03571428571428571 0.025793650793650792
2 0.7757936507936507 0.32258597883597884 0.0183531746031746 0.021494708994708994
2 0.6840277777777778 0.33564814814814814 0.011904761904761904 0.02447089947089947
2 0.6527777777777778 0.4087301587301587 0.011904761904761904 0.015873015873015872
