2 0.4253472222222222 0.4885912698412698 0.011904761904761904 0.011574074074074073
2 0.5089285714285714 0.34854497354497355 0.030257936507936505 0.02447089947089947
2 0.056919642857142856 0.05869708994708994 0.021577380952380952 0.03141534391534391
2 0.08134920634920634 0.4087301587301587 0.011904761904761904 0.02447089947089947
2 0.5298859126984127 0.6511243386243386 0.02058531746031746 0.025793650793650792
2 0.6917162698412698 0.5884589947089947 0.0248015873015873 0.021494708994708994
2 0.6300843253968254 0.5411706349206349 0.009672619047619048 0.01025132275132275
2 0.6630704365079365 0.48065476190476186 0.019593253968253968 0.027447089947089946
2 0.8059275793650793 0.38227513227513227 0.041914682539682536 0.025793650793650792
2 0.775297619047619 0.5691137566137566 0.012896825396825396 0.01455026455026455
2 0.7822420634920635 0.33118386243386244 0.0248015873015873 0.021494708994708994
2 0.6613343253968254 0.42096560846560843 0.009672619047619048 0.017195767195767195
2 0.6889880952380952 0.3449074074074074 0.017361111111111112 0.025793650793650792
