2 0.2571373456790123 0.4534143518518518 0.009645061728395061 0.03530092592592592
2 0.013503086419753086 0.8110532407407407 0.010802469135802469 0.027199074074074073
2 0.32523148148148145 0.4728009259259259 0.019290123456790122 0.041666666666666664
2 0.5079089506172839 0.5054976851851851 0.018132716049382713 0.030671296296296294
2 0.49189814814814814 0.4212962962962963 0.007716049382716049 0.02199074074074074
2 0.5096450617283951 0.3666087962962963 0.013117283950617283 0.0318287037037037
2 0.5910493827160493 0.36168981481481477 0.016975308641975308 0.05439814814814815
2 0.5455246913580246 0.5321180555555556 0.016203703703703703 0.026041666666666664
2 0.564429012345679 0.5587384259259259 0.010802469135802469 0.014467592592592591
2 0.6099537037037037 0.5546875 0.024691358024691357 0.026041666666666664
2 0.5825617283950617 0.4898726851851852 0.006172839506172839 0.014467592592592591
2 0.5744598765432098 0.578125 0.007716049382716049 0.011574074074074073
2 0.6660879629629629 0.4898726851851852 0.01273148148148148 0.043402777777777776
2 0.663966049382716 0.5384837962962963 0.019290123456790122 0.01909722222222222
2 0.7179783950617283 0.49594907407407407 0.013888888888888888 0.017361111111111112
2 0.7833719135802468 0.8408564814814814 0.009645061728395061 0.02199074074074074
2 0.7727623456790123 0.8787615740740741 0.007716049382716049 0.017939814814814815
