2 0.08029513888888888 0.3831018518518518 0.0759548611111111 0.06944444444444445
2 0.4210069444444444 0.4214409722222222 0.026041666666666664 0.07378472222222222
2 0.5902777777777778 0.5762442129629629 0.06076388888888889 0.07378472222222222
2 0.6635199652777778 0.5552662037037037 0.055338541666666664 0.054976851851851846
2 0.673828125 0.35416666666666663 0.04991319444444444 0.07233796296296297
2 0.9765625 0.2550636574074074 0.034722222222222224 0.0390625
2 0.5826822916666666 0.24710648148148145 0.03689236111111111 0.07523148148148148
2 0.6499565972222222 0.1306423611111111 0.013020833333333332 0.021701388888888888
2 0.7248263888888888 0.07494212962962962 0.017361111111111112 0.0318287037037037
2 0.6998697916666666 0.14149305555555555 0.04991319444444444 0.07233796296296297
