2 0.2690972222222222 0.5274884259259259 0.018132716049382713 0.026041666666666664
2 0.40682870370370366 0.3813657407407407 0.017361111111111112 0.028935185185185182
2 0.37403549382716045 0.6808449074074073 0.011959876543209876 0.027199074074074073
2 0.3294753086419753 0.7152777777777778 0.019290123456790122 0.028935185185185182
2 0.46257716049382713 0.755787037037037 0.016975308641975308 0.028935185185185182
2 0.6682098765432098 0.9241898148148148 0.016975308641975308 0.028935185185185182
2 0.9785879629629629 0.7884837962962963 0.009645061728395061 0.027199074074074073
2 0.6838348765432098 0.40856481481481477 0.018132716049382713 0.04513888888888889
2 0.6606867283950617 0.4704861111111111 0.01273148148148148 0.020833333333333332
2 0.5756172839506173 0.71875 0.007716049382716049 0.016203703703703703
2 0.5229552469135802 0.6935763888888888 0.009645061728395061 0.014467592592592591
2 0.5738811728395061 0.359375 0.01273148148148148 0.03009259259259259
2 0.6419753086419753 0.34809027777777773 0.018518518518518517 0.027199074074074073
2 0.4915123456790123 0.3133680555555555 0.016975308641975308 0.022569444444444444
