2 0.1593364197530864 0.27401620370370366 0.027777777777777776 0.059606481481481476
2 0.21662808641975306 0.4542824074074074 0.03742283950617284 0.0625
2 0.2193287037037037 0.33217592592592593 0.02353395061728395 0.0625
2 0.2727623456790123 0.17939814814814814 0.019290123456790122 0.037037037037037035
2 0.3107638888888889 0.2743055555555555 0.03125 0.06597222222222222
2 0.3441358024691358 0.2097800925925926 0.030864197530864196 0.03993055555555555
2 0.48398919753086417 0.19473379629629628 0.0320216049382716 0.054976851851851846
2 0.46778549382716045 0.6319444444444444 0.02353395061728395 0.041666666666666664
2 0.5306712962962963 0.5804398148148148 0.02044753086419753 0.03819444444444444
2 0.6917438271604938 0.6377314814814814 0.010802469135802469 0.037037037037037035
2 0.6687885802469136 0.5387731481481481 0.01427469135802469 0.016203703703703703
2 0.6747685185185185 0.4681712962962963 0.010802469135802469 0.028935185185185182
2 0.6211419753086419 0.08043981481481481 0.032407407407407406 0.04513888888888889
2 0.7154706790123456 0.3133680555555555 0.02353395061728395 0.022569444444444444
2 0.7025462962962963 0.44965277777777773 0.016975308641975308 0.037037037037037035
2 0.8155864197530863 0.46701388888888884 0.011574074074074073 0.024305555555555552
2 0.7571373456790123 0.5732060185185185 0.015046296296296295 0.02372685185185185
2 0.25752314814814814 0.5870949074074073 0.06134259259259259 0.10243055555555555
2 0.25848765432098764 0.6793981481481481 0.03780864197530864 0.057870370370370364
2 0.581983024691358 0.6843171296296295 0.019675925925925923 0.03298611111111111
2 0.46624228395061723 0.9537037037037036 0.027391975308641972 0.046296296296296294
