2 0.4305555555555555 0.7552083333333333 0.01273148148148148 0.027199074074074073
2 0.4540895061728395 0.7760416666666666 0.019290123456790122 0.020833333333333332
2 0.49373070987654316 0.7109375 0.02989969135802469 0.06134259259259259
2 0.39361496913580246 0.5951967592592592 0.02681327160493827 0.028935185185185182
2 0.45138888888888884 0.47714120370370366 0.018132716049382713 0.020833333333333332
2 0.5210262345679012 0.6135706018518519 0.028935185185185182 0.06915509259259259
2 0.5762924382716049 0.5276331018518519 0.02797067901234568 0.04832175925925926
2 0.5500578703703703 0.4900173611111111 0.0160108024691358 0.04658564814814815
2 0.6046489197530864 0.4014756944444444 0.011766975308641976 0.05005787037037037
2 0.5768711419753086 0.3097511574074074 0.0160108024691358 0.01765046296296296
2 0.759548611111111 0.1507523148148148 0.02797067901234568 0.03356481481481481
2 0.8121141975308641 0.18677662037037035 0.03433641975308642 0.061053240740740734
2 0.4310378086419753 0.3146701388888889 0.02025462962962963 0.03674768518518518
0 0.7038001543209876 0.15234375 0.027584876543209874 0.027488425925925923
0 0.40075231481481477 0.6495949074074073 0.03260030864197531 0.0474537037037037
0 0.415991512345679 0.7303240740740741 0.01408179012345679 0.019675925925925923
0 0.44791666666666663 0.712818287037037 0.013117283950617283 0.024594907407407406
0 0.6798804012345678 0.49652777777777773 0.018325617283950615 0.06076388888888889
0 0.40788966049382713 0.775318287037037 0.018325617283950615 0.027488425925925923
