2 0.9750192901234568 0.579861111111111 0.03645833333333333 0.059606481481481476
2 0.9535108024691358 0.36863425925925924 0.04282407407407407 0.05150462962962963
2 0.10474537037037036 0.04542824074074074 0.0320216049382716 0.041666666666666664
2 0.06944444444444445 0.14105902777777776 0.02353395061728395 0.03674768518518518
2 0.9846643518518517 0.4955150462962963 0.030285493827160493 0.08998842592592592
2 0.7638888888888888 0.012297453703703703 0.03433641975308642 0.024594907407407406
0 0.3179976851851852 0.05946180555555555 0.015239197530864196 0.018229166666666664
2 0.900173611111111 0.5383391203703703 0.03452932098765432 0.06857638888888888
2 0.8510802469135802 0.7144097222222222 0.08024691358024691 0.11574074074074073
2 0.6961805555555555 0.3763020833333333 0.012345679012345678 0.018229166666666664
2 0.6910686728395061 0.40899884259259256 0.012152777777777776 0.019965277777777776
2 0.6683063271604938 0.47757523148148145 0.015239197530864196 0.022858796296296294
2 0.6758294753086419 0.5217013888888888 0.010223765432098766 0.026041666666666664
2 0.7190393518518519 0.5041956018518519 0.013310185185185185 0.027488425925925923
2 0.7408371913580246 0.4774305555555555 0.010223765432098766 0.019675925925925923
2 0.45611496913580246 0.2093460648148148 0.015239197530864196 0.022858796296296294
2 0.4895833333333333 0.25969328703703703 0.027391975308641972 0.04427083333333333
2 0.42766203703703703 0.3679108796296296 0.05594135802469136 0.07783564814814814
2 0.5296103395061728 0.3138020833333333 0.02642746913580247 0.051793981481481476
2 0.5231481481481481 0.37080439814814814 0.019290123456790122 0.047164351851851846
2 0.5245949074074073 0.4195601851851852 0.02025462962962963 0.028935185185185182
2 0.5424382716049383 0.4508101851851852 0.019290123456790122 0.06712962962962962
2 0.5220871913580246 0.4850983796296296 0.04571759259259259 0.056423611111111105
2 0.5002893518518519 0.5232928240740741 0.04263117283950617 0.056423611111111105
2 0.4403935185185185 0.48972800925925924 0.038580246913580245 0.05005787037037037
2 0.40277777777777773 0.5163483796296297 0.03047839506172839 0.03674768518518518
2 0.4428047839506173 0.716579861111111 0.015239197530864196 0.03501157407407407
2 0.49826388888888884 0.6451099537037037 0.054783950617283944 0.04427083333333333
2 0.47482638888888884 0.7105034722222222 0.02025462962962963 0.04137731481481481
2 0.4895833333333333 0.7644675925925926 0.041666666666666664 0.04571759259259259
0 0.4946952160493827 0.8499710648148148 0.04571759259259259 0.10966435185185185
2 0.531153549382716 0.7394386574074073 0.01716820987654321 0.019965277777777776
2 0.5494791666666666 0.7052951388888888 0.06616512345679013 0.051793981481481476
2 0.5885416666666666 0.6647858796296295 0.03047839506172839 0.05931712962962963
2 0.5403163580246914 0.5962094907407407 0.02546296296296296 0.03501157407407407
2 0.5824652777777778 0.6092303240740741 0.02835648148148148 0.027488425925925923
2 0.04996141975308642 0.16536458333333331 0.009259259259259259 0.013599537037037037
