2 0.6426504629629629 0.14033564814814814 0.03645833333333333 0.0642361111111111
2 0.855420524691358 0.059027777777777776 0.03530092592592592 0.059606481481481476
2 0.9387538580246914 0.009114583333333332 0.007908950617283951 0.018229166666666664
2 0.9965277777777777 0.5381944444444444 0.006558641975308642 0.03414351851851852
0 0.5316358024691358 0.5908564814814814 0.019290123456790122 0.028935185185185182
2 0.41386959876543206 0.04050925925925926 0.02025462962962963 0.019675925925925923
2 0.5134066358024691 0.6969039351851851 0.05073302469135802 0.08072916666666666
2 0.5129243827160493 0.8117766203703703 0.019290123456790122 0.10677083333333333
2 0.5925925925925926 0.7662037037037036 0.03665123456790123 0.08217592592592592
2 0.6043595679012346 0.6488715277777778 0.041666666666666664 0.07609953703703703
2 0.4946952160493827 0.4759837962962963 0.03761574074074074 0.0775462962962963
2 0.415895061728395 0.5962094907407407 0.038580246913580245 0.056423611111111105
2 0.36979166666666663 0.4699074074074074 0.027391975308641972 0.0775462962962963
2 0.3880208333333333 0.4195601851851852 0.05189043209876543 0.04108796296296296
2 0.4524498456790123 0.39597800925925924 0.02025462962962963 0.0546875
2 0.4210069444444444 0.32523148148148145 0.018325617283950615 0.05613425925925926
