1 0.907375 0.45003742514970063 0.18475 0.29004491017964074
1 0.6895 0.3373877245508982 0.0685 0.11938622754491018
1 0.167125 0.28012724550898205 0.33425 0.2870508982035928
1 0.43725 0.2945359281437126 0.216 0.18413173652694612
1 0.63475 0.3604041916167665 0.033 0.037425149700598806
1 0.5417500000000001 0.4345059880239521 0.065 0.08083832335329341
1 0.61175 0.43375748502994016 0.019 0.028443113772455092
1 0.67475 0.44648203592814373 0.07100000000000001 0.07784431137724551
1 0.28775 0.47492514970059885 0.401 0.16766467065868265
1 0.21425 0.6111526946107785 0.11 0.08682634730538923
1 0.22225 0.7698353293413174 0.042 0.07185628742514971
1 0.30375 0.6837574850299402 0.059000000000000004 0.08532934131736528
1 0.45075 0.6710329341317366 0.031 0.05389221556886228
1 0.38025000000000003 0.7376497005988024 0.016 0.0344311377245509
1 0.47925 0.8184880239520959 0.024 0.0344311377245509
1 0.84225 0.6994760479041917 0.044 0.09580838323353294
1 0.89075 0.7339071856287426 0.013000000000000001 0.02095808383233533
1 0.8582500000000001 0.8027694610778444 0.076 0.08682634730538923
1 0.9155 0.9318862275449102 0.07050000000000001 0.13547904191616766
1 0.94675 0.7743263473053893 0.031 0.03293413173652695
1 0.61875 0.720434131736527 0.025 0.07185628742514971
