2 0.10995370370370369 0.40856481481481477 0.019290123456790122 0.028935185185185182
2 0.30767746913580246 0.40682870370370366 0.022762345679012343 0.03587962962962963
2 0.20216049382716048 0.556423611111111 0.008487654320987654 0.01909722222222222
2 0.3055555555555555 0.6015625 0.016203703703703703 0.022569444444444444
2 0.45023148148148145 0.591724537037037 0.013888888888888888 0.015625
2 0.43711419753086417 0.6362847222222222 0.026234567901234566 0.02835648148148148
2 0.47897376543209874 0.5176504629629629 0.018132716049382713 0.048032407407407406
2 0.43036265432098764 0.43981481481481477 0.010416666666666666 0.024305555555555552
2 0.5669367283950617 0.4343171296296296 0.018132716049382713 0.048032407407407406
2 0.6124614197530864 0.42766203703703703 0.017361111111111112 0.028935185185185182
2 0.5825617283950617 0.5193865740740741 0.019290123456790122 0.048032407407407406
2 0.6824845679012346 0.7699652777777778 0.022376543209876542 0.022569444444444444
2 0.7480709876543209 0.6180555555555555 0.020061728395061727 0.03356481481481481
2 0.7941743827160493 0.640625 0.015817901234567902 0.024305555555555552
2 0.44502314814814814 0.6689814814814814 0.01273148148148148 0.016203703703703703
2 0.5341435185185185 0.6585648148148148 0.008873456790123456 0.016203703703703703
2 0.6803626543209876 0.736111111111111 0.015046296296296295 0.020833333333333332
2 0.38406635802469136 0.4351851851851852 0.015817901234567902 0.020833333333333332
