2 0.2149884259259259 0.49189814814814814 0.2212577160493827 0.2986111111111111
2 0.07330246913580246 0.3114872685185185 0.047839506172839504 0.09577546296296295
2 0.12104552469135801 0.2786458333333333 0.04571759259259259 0.07002314814814814
2 0.07581018518518517 0.3702256944444444 0.032407407407407406 0.04253472222222222
2 0.1636766975308642 0.2232349537037037 0.0314429012345679 0.05931712962962963
0 0.22916666666666666 0.7105034722222222 0.038580246913580245 0.04427083333333333
2 0.01900077160493827 0.7120949074074073 0.016396604938271605 0.026041666666666664
2 0.2525077160493827 0.6320891203703703 0.01427469135802469 0.018229166666666664
2 0.275270061728395 0.6153067129629629 0.011188271604938271 0.021122685185185185
2 0.4505208333333333 0.6388888888888888 0.018325617283950615 0.016782407407407406
2 0.39718364197530864 0.6213831018518519 0.02546296296296296 0.051793981481481476
2 0.40779320987654316 0.927517361111111 0.01427469135802469 0.021122685185185185
2 0.42505787037037035 0.9435763888888888 0.018325617283950615 0.019675925925925923
2 0.5596064814814814 0.9359085648148148 0.013117283950617283 0.025752314814814815
2 0.5357831790123456 0.8185763888888888 0.016396604938271605 0.028935185185185182
2 0.5707947530864197 0.7494212962962963 0.009259259259259259 0.021412037037037035
2 0.5336612654320987 0.7174479166666666 0.012152777777777776 0.015335648148148147
2 0.5499614197530864 0.6724537037037037 0.03047839506172839 0.0318287037037037
2 0.4642168209876543 0.7858796296296295 0.01716820987654321 0.018518518518518517
2 0.4194637345679012 0.5529513888888888 0.02334104938271605 0.024305555555555552
2 0.3509837962962963 0.5338541666666666 0.024498456790123455 0.03819444444444444
2 0.39110725308641975 0.42795138888888884 0.01716820987654321 0.021412037037037035
2 0.3900462962962963 0.4599247685185185 0.019290123456790122 0.030381944444444444
2 0.44184027777777773 0.4720775462962963 0.03761574074074074 0.027488425925925923
2 0.4855324074074074 0.43561921296296297 0.017361111111111112 0.03327546296296296
2 0.5037615740740741 0.41811342592592593 0.01716820987654321 0.0318287037037037
2 0.4930555555555555 0.6038773148148148 0.022376543209876542 0.026041666666666664
2 0.5271990740740741 0.6313657407407407 0.03356481481481481 0.019675925925925923
2 0.554591049382716 0.6145833333333333 0.019290123456790122 0.028935185185185182
2 0.6789158950617283 0.4470486111111111 0.02025462962962963 0.0318287037037037
2 0.6068672839506173 0.5345775462962963 0.032407407407407406 0.027488425925925923
2 0.5362654320987654 0.3532986111111111 0.0640432098765432 0.07002314814814814
2 0.5266203703703703 0.2984664351851852 0.024305555555555552 0.030381944444444444
2 0.32002314814814814 0.2300347222222222 0.021219135802469133 0.04571759259259259
2 0.6484375 0.6717303240740741 0.04070216049382716 0.08825231481481481
2 0.6834490740740741 0.5513599537037037 0.019290123456790122 0.027488425925925923
3 0.5504436728395061 0.7592592592592592 0.029513888888888888 0.06539351851851852
2 0.8332368827160493 0.8033854166666666 0.04263117283950617 0.06221064814814815
2 0.8291859567901234 0.8719618055555555 0.05073302469135802 0.05353009259259259
