2 0.029803240740740738 0.5549768518518519 0.01716820987654321 0.022569444444444444
2 0.005787037037037037 0.619068287037037 0.011574074074074073 0.019965277777777776
2 0.2113233024691358 0.8660300925925926 0.022569444444444444 0.030671296296296294
2 0.15518904320987653 0.6394675925925926 0.01716820987654321 0.030671296296296294
2 0.23861882716049382 0.5855034722222222 0.019290123456790122 0.025752314814814815
2 0.4305555555555555 0.3718171296296296 0.02353395061728395 0.03530092592592592
2 0.4825424382716049 0.39424189814814814 0.03761574074074074 0.035590277777777776
2 0.5157214506172839 0.5260416666666666 0.024498456790123455 0.03530092592592592
2 0.5291280864197531 0.6666666666666666 0.019290123456790122 0.030671296296296294
2 0.5521797839506173 0.27372685185185186 0.011766975308641976 0.03530092592592592
2 0.5645254629629629 0.3572048611111111 0.012924382716049381 0.019386574074074073
2 0.4970100308641975 0.23828125 0.021412037037037035 0.019386574074074073
2 0.5543016975308641 0.8676215277777777 0.018325617283950615 0.024016203703703703
2 0.6379243827160493 0.9440104166666666 0.016203703703703703 0.025752314814814815
2 0.6834490740740741 0.8676215277777777 0.008487654320987654 0.01765046296296296
2 0.8109567901234568 0.8210358796296295 0.02353395061728395 0.024016203703703703
2 0.855420524691358 0.9254918981481481 0.018325617283950615 0.027488425925925923
2 0.8565779320987654 0.7061631944444444 0.02681327160493827 0.025752314814814815
2 0.8581211419753086 0.5711805555555555 0.012924382716049381 0.022569444444444444
2 0.7928240740740741 0.7102141203703703 0.019290123456790122 0.024016203703703703
2 0.8550347222222222 0.8871527777777777 0.021412037037037035 0.03819444444444444
2 0.3479938271604938 0.3548900462962963 0.038580246913580245 0.051793981481481476
2 0.3596643518518518 0.3146701388888889 0.029513888888888888 0.022858796296296294
2 0.2970679012345679 0.9674479166666666 0.03433641975308642 0.06452546296296297
