2 0.4149305555555555 0.6087962962962963 0.028935185185185182 0.027199074074074073
2 0.4792631172839506 0.5211226851851851 0.02681327160493827 0.028935185185185182
2 0.48148148148148145 0.3388310185185185 0.018132716049382713 0.03356481481481481
2 0.4321952160493827 0.22135416666666666 0.0160108024691358 0.020833333333333332
2 0.11651234567901234 0.23828125 0.010802469135802469 0.01591435185185185
2 0.08063271604938271 0.054976851851851846 0.018132716049382713 0.022569444444444444
2 0.5601851851851851 0.7013888888888888 0.02353395061728395 0.028935185185185182
2 0.5081983024691358 0.8274016203703703 0.018325617283950615 0.011284722222222222
0 0.7510609567901234 0.48234953703703703 0.02218364197530864 0.028935185185185182
2 0.3093171296296296 0.7297453703703703 0.016396604938271605 0.0318287037037037
2 0.09567901234567901 0.45543981481481477 0.019290123456790122 0.018518518518518517
2 0.3013117283950617 0.24522569444444442 0.016203703703703703 0.030381944444444444
2 0.34596836419753085 0.16999421296296297 0.012152777777777776 0.022858796296296294
