2 0.24032738095238093 0.5762235449735449 0.010912698412698412 0.011574074074074073
2 0.2699652777777778 0.6144179894179894 0.022569444444444444 0.021825396825396824
2 0.2435515873015873 0.6712962962962963 0.006448412698412698 0.017195767195767195
2 0.2667410714285714 0.6655092592592592 0.007688492063492063 0.011574074074074073
2 0.23177083333333331 0.740244708994709 0.017113095238095236 0.028769841269841268
2 0.14818948412698413 0.609292328042328 0.009672619047619048 0.011574074074074073
2 0.1636904761904762 0.6006944444444444 0.006448412698412698 0.011574074074074073
2 0.15947420634920634 0.6489748677248677 0.010912698412698412 0.012896825396825396
2 0.1427331349206349 0.7589285714285714 0.007688492063492063 0.008597883597883597
2 0.27814980158730157 0.7647156084656084 0.015128968253968252 0.02017195767195767
2 0.27157738095238093 0.8063822751322751 0.019345238095238096 0.026124338624338623
2 0.22581845238095236 0.8323412698412698 0.007688492063492063 0.023148148148148147
2 0.3849206349206349 0.8984788359788359 0.019345238095238096 0.025793650793650792
2 0.5595238095238095 0.5231481481481481 0.023809523809523808 0.03439153439153439
2 0.6764632936507936 0.5634920634920635 0.027033730158730156 0.017195767195767195
2 0.761780753968254 0.37218915343915343 0.016121031746031744 0.022817460317460316
2 0.6139632936507936 0.9580026455026455 0.01413690476190476 0.03902116402116402
2 0.724454365079365 0.9623015873015872 0.019345238095238096 0.03306878306878307
2 0.7287946428571428 0.8860780423280423 0.021577380952380952 0.036044973544973546
2 0.7697172619047619 0.974537037037037 0.02802579365079365 0.04298941798941799
2 0.8814484126984127 0.9616402116402116 0.0183531746031746 0.01984126984126984
0 0.6076388888888888 0.12533068783068782 0.011408730158730158 0.0205026455026455
