2 0.42235725308641975 0.0949074074074074 0.013695987654320986 0.057291666666666664
2 0.431616512345679 0.2271412037037037 0.03645833333333333 0.05150462962962963
2 0.4760802469135802 0.23509837962962962 0.03317901234567901 0.044849537037037035
2 0.4219714506172839 0.3042534722222222 0.04918981481481481 0.07725694444444443
2 0.36921296296296297 0.10821759259259259 0.026234567901234566 0.057870370370370364
2 0.32764274691358025 0.15480324074074073 0.04070216049382716 0.041666666666666664
2 0.4369212962962963 0.6128472222222222 0.03433641975308642 0.0642361111111111
2 0.4540895061728395 0.7054398148148148 0.0320216049382716 0.07233796296296297
2 0.48678626543209874 0.6234085648148148 0.03337191358024691 0.05295138888888889
2 0.44589120370370366 0.09910300925925926 0.01716820987654321 0.051793981481481476
