2 0.47627314814814814 0.3138020833333333 0.039351851851851846 0.05815972222222222
2 0.23283179012345678 0.2858796296296296 0.022376543209876542 0.043402777777777776
2 0.24035493827160492 0.6160300925925926 0.024691358024691357 0.03530092592592592
2 0.4503279320987654 0.7566550925925926 0.031057098765432098 0.037037037037037035
2 0.48148148148148145 0.8436053240740741 0.009645061728395061 0.024016203703703703
2 0.41232638888888884 0.90234375 0.02797067901234568 0.03211805555555555
2 0.4487847222222222 0.9736689814814814 0.0472608024691358 0.037037037037037035
2 0.5071373456790124 0.7374131944444444 0.03973765432098765 0.05931712962962963
2 0.5506365740740741 0.7366898148148148 0.01716820987654321 0.048032407407407406
2 0.48244598765432095 0.5445601851851851 0.009645061728395061 0.017939814814814815
2 0.5120563271604938 0.5454282407407407 0.03645833333333333 0.05150462962962963
2 0.5413773148148148 0.41840277777777773 0.05034722222222222 0.048032407407407406
2 0.5853587962962963 0.1451099537037037 0.03761574074074074 0.051215277777777776
2 0.5982831790123456 0.5269097222222222 0.0160108024691358 0.043402777777777776
2 0.7386188271604938 0.5036168981481481 0.02044753086419753 0.019386574074074073
2 0.7032214506172839 0.2672164351851852 0.031057098765432098 0.04195601851851852
2 0.7487461419753086 0.9046585648148148 0.021412037037037035 0.027488425925925923
2 0.7247299382716049 0.8660300925925926 0.03973765432098765 0.03356481481481481
2 0.8742283950617283 0.8894675925925926 0.019290123456790122 0.028935185185185182
2 0.5987654320987654 0.6844618055555555 0.01273148148148148 0.027488425925925923
2 0.4586226851851852 0.24913194444444442 0.012152777777777776 0.03819444444444444
