2 0.9591049382716049 0.9696180555555555 0.054783950617283944 0.03530092592592592
2 0.9795524691358024 0.019386574074074073 0.007716049382716049 0.026041666666666664
2 0.5885416666666666 0.3778935185185185 0.018132716049382713 0.03819444444444444
2 0.6467978395061728 0.37471064814814814 0.021219135802469133 0.03877314814814815
2 0.7212577160493827 0.6527777777777778 0.022762345679012343 0.032407407407407406
2 0.630787037037037 0.6166087962962963 0.008487654320987654 0.01099537037037037
2 0.47646604938271603 0.6087962962962963 0.021604938271604937 0.04976851851851852
2 0.5277777777777778 0.7612847222222222 0.027777777777777776 0.046875
2 0.48668981481481477 0.7893518518518519 0.02662037037037037 0.041666666666666664
2 0.40142746913580246 0.8015046296296295 0.0320216049382716 0.03356481481481481
2 0.11689814814814814 0.5298032407407407 0.018518518518518517 0.030671296296296294
2 0.4143518518518518 0.47135416666666663 0.019290123456790122 0.03530092592592592
2 0.4324845679012345 0.6545138888888888 0.019290123456790122 0.04513888888888889
2 0.36921296296296297 0.5708912037037037 0.02546296296296296 0.03530092592592592
