2 0.7044890873015872 0.6374007936507936 0.009672619047619048 0.012896825396825396
2 0.7816220238095237 0.5553902116402116 0.01066468253968254 0.012896825396825396
2 0.49107142857142855 0.6410383597883598 0.011904761904761904 0.011574074074074073
2 0.48673115079365076 0.6805555555555555 0.011656746031746032 0.00992063492063492
2 0.3976934523809524 0.6258267195767195 0.008680555555555556 0.012896825396825396
2 0.36433531746031744 0.6352513227513227 0.012896825396825396 0.023148148148148147
2 0.33308531746031744 0.6631944444444444 0.008432539682539682 0.012896825396825396
2 0.30456349206349204 0.5691137566137566 0.013888888888888888 0.025793650793650792
2 0.34809027777777773 0.4591600529100529 0.015128968253968252 0.018849206349206348
2 0.43439980158730157 0.3743386243386243 0.008680555555555556 0.021825396825396824
2 0.6204117063492063 0.38442460317460314 0.007688492063492063 0.01025132275132275
2 0.3089037698412698 0.5302579365079365 0.009672619047619048 0.014219576719576719
2 0.275421626984127 0.5461309523809523 0.007688492063492063 0.011574074074074073
2 0.5276537698412698 0.5282738095238095 0.013640873015873016 0.027447089947089946
2 0.566468253968254 0.48495370370370366 0.01240079365079365 0.020833333333333332
2 0.554563492063492 0.5882936507936508 0.009424603174603174 0.017857142857142856
2 0.5880456349206349 0.5504298941798942 0.010416666666666666 0.013558201058201057
2 0.609375 0.6233465608465608 0.013392857142857142 0.01917989417989418
2 0.581969246031746 0.6476521164021164 0.008184523809523808 0.00958994708994709
2 0.30803571428571425 0.7880291005291005 0.008432539682539682 0.012566137566137565
