2 0.5001929012345678 0.48017939814814814 0.04513888888888889 0.07552083333333333
2 0.4375 0.5558449074074073 0.024691358024691357 0.04976851851851852
2 0.5124421296296297 0.7132523148148148 0.031057098765432098 0.037037037037037035
2 0.7933063271604938 0.3919270833333333 0.02025462962962963 0.033854166666666664
2 0.7054398148148148 0.18619791666666666 0.02044753086419753 0.040219907407407406
2 0.0055941358024691355 0.07118055555555555 0.009645061728395061 0.03877314814814815
2 0.04041280864197531 0.02763310185185185 0.012924382716049381 0.03211805555555555
2 0.7729552469135802 0.43359375 0.016203703703703703 0.011284722222222222
0 0.5002893518518519 0.5011574074074073 0.02025462962962963 0.03645833333333333
0 0.5536265432098765 0.6876446759259259 0.019290123456790122 0.022858796296296294
