2 0.3890817901234568 0.7034143518518519 0.04822530864197531 0.05613425925925926
2 0.47704475308641975 0.6359953703703703 0.03125 0.037037037037037035
2 0.5513117283950617 0.5868055555555555 0.008487654320987654 0.016203703703703703
2 0.48398919753086417 0.4817708333333333 0.05979938271604938 0.059606481481481476
2 0.7058256172839505 0.5054976851851851 0.08371913580246913 0.13020833333333331
2 0.6404320987654321 0.5089699074074073 0.010802469135802469 0.017939814814814815
2 0.5572916666666666 0.3359375 0.009645061728395061 0.01909722222222222
2 0.4020061728395061 0.5321180555555556 0.05555555555555555 0.04571759259259259
2 0.35648148148148145 0.5344328703703703 0.017746913580246913 0.017939814814814815
2 0.3273533950617284 0.5373263888888888 0.008873456790123456 0.012152777777777776
2 0.29417438271604934 0.5575810185185185 0.009645061728395061 0.013310185185185185
2 0.27835648148148145 0.5691550925925926 0.008101851851851851 0.013310185185185185
2 0.36979166666666663 0.6012731481481481 0.016589506172839504 0.011574074074074073
