2 0.08891369047619047 0.6706349206349206 0.02058531746031746 0.03306878306878307
2 0.7250744047619048 0.5338955026455026 0.01413690476190476 0.018849206349206348
2 0.6236359126984127 0.7610780423280423 0.02058531746031746 0.021494708994708994
2 0.5778769841269841 0.7546296296296295 0.01488095238095238 0.01455026455026455
2 0.6263640873015872 0.8336640211640212 0.017113095238095236 0.017195767195767195
2 0.7838541666666666 0.6137566137566137 0.01066468253968254 0.01455026455026455
2 0.736359126984127 0.4576719576719577 0.017361111111111112 0.018518518518518517
2 0.743923611111111 0.3657407407407407 0.013144841269841268 0.015873015873015872
2 0.42175099206349204 0.41898148148148145 0.026041666666666664 0.03505291005291005
2 0.7182539682539683 0.4874338624338624 0.053075396825396824 0.031746031746031744
2 0.006820436507936508 0.7129629629629629 0.011160714285714284 0.03571428571428571
2 0.15773809523809523 0.5861441798941799 0.015376984126984126 0.027447089947089946
2 0.17261904761904762 0.5696097883597884 0.0248015873015873 0.057870370370370364
2 0.18353174603174602 0.6435185185185185 0.015376984126984126 0.03439153439153439
