2 0.016276041666666664 0.22005208333333331 0.03255208333333333 0.04832175925925926
2 0.4470486111111111 0.20515046296296297 0.021701388888888888 0.026041666666666664
2 0.3933376736111111 0.4720775462962963 0.02495659722222222 0.027488425925925923
2 0.45572916666666663 0.5921585648148148 0.05425347222222222 0.10561342592592592
2 0.6331380208333333 0.4633969907407407 0.04665798611111111 0.05353009259259259
2 0.5620659722222222 0.4134837962962963 0.06944444444444445 0.09837962962962962
2 0.6255425347222222 0.31221064814814814 0.035807291666666664 0.0636574074074074
2 0.49750434027777773 0.4409722222222222 0.022786458333333332 0.023148148148148147
2 0.126953125 0.36863425925925924 0.028211805555555552 0.026041666666666664
2 0.09765625 0.3071469907407407 0.013020833333333332 0.01591435185185185
2 0.07866753472222222 0.4026331018518518 0.016276041666666664 0.021701388888888888
2 0.07378472222222222 0.4351851851851852 0.015190972222222222 0.014467592592592591
2 0.6437717013888888 0.6911168981481481 0.02886284722222222 0.03327546296296296
2 0.7094184027777778 0.704861111111111 0.03211805555555555 0.07696759259259259
2 0.6928168402777778 0.6103877314814814 0.01540798611111111 0.0234375
