1 0.29775 0.6762724550898204 0.051000000000000004 0.08832335329341318
1 0.42075 0.7084580838323353 0.177 0.17365269461077845
1 0.58475 0.7114520958083833 0.083 0.08083832335329341
1 0.35425 0.4172904191616767 0.068 0.08233532934131738
1 0.42025 0.40531437125748504 0.088 0.12724550898203593
1 0.49325 0.2982784431137725 0.052000000000000005 0.05389221556886228
1 0.58875 0.29004491017964074 0.043000000000000003 0.07035928143712575
1 0.75175 0.5909431137724551 0.067 0.040419161676646706
1 0.71225 0.36414670658682635 0.158 0.18263473053892218
1 0.6717500000000001 0.5392964071856288 0.131 0.1317365269461078
