2 0.5403645833333333 0.8381076388888888 0.015190972222222222 0.021701388888888888
2 0.4052734375 0.7910879629629629 0.016276041666666664 0.034722222222222224
2 0.564236111111111 0.7845775462962963 0.01953125 0.027488425925925923
2 0.6022135416666666 0.7411747685185185 0.017361111111111112 0.021701388888888888
2 0.9767795138888888 0.12572337962962962 0.04600694444444444 0.04890046296296296
2 0.716579861111111 0.2936921296296296 0.1189236111111111 0.14467592592592593
2 0.6194661458333333 0.3900462962962963 0.017578125 0.020833333333333332
2 0.5373263888888888 0.40118634259259256 0.07855902777777778 0.08130787037037036
2 0.5109592013888888 0.31698495370370366 0.04839409722222222 0.0703125
2 0.5631510416666666 0.3107638888888889 0.012586805555555554 0.013888888888888888
2 0.7094184027777778 0.4464699074074074 0.06510416666666666 0.13078703703703703
3 0.8286675347222222 0.2556423611111111 0.022786458333333332 0.038483796296296294
3 0.7807074652777777 0.4768518518518518 0.01540798611111111 0.020833333333333332
3 0.5233289930555556 0.5671296296296297 0.019748263888888888 0.027777777777777776
2 0.6282552083333333 0.5250289351851851 0.07638888888888888 0.1362847222222222
2 0.6050347222222222 0.6222511574074073 0.03602430555555555 0.04427083333333333
2 0.4473741319444444 0.5396412037037037 0.05794270833333333 0.10185185185185185
2 0.3374565972222222 0.45413773148148145 0.07335069444444443 0.10214120370370369
2 0.2598741319444444 0.36733217592592593 0.04448784722222222 0.06626157407407407
3 0.32758246527777773 0.3823784722222222 0.02886284722222222 0.027488425925925923
2 0.525390625 0.7200520833333333 0.01953125 0.019386574074074073
2 0.5160590277777778 0.7599826388888888 0.01345486111111111 0.024594907407407406
2 0.501736111111111 0.786892361111111 0.011284722222222222 0.02054398148148148
