2 0.021453373015873016 0.10036375661375661 0.015128968253968252 0.014219576719576719
2 0.3108878968253968 0.08812830687830688 0.016121031746031744 0.012896825396825396
2 0.047371031746031744 0.05869708994708994 0.010912698412698412 0.011574074074074073
2 0.29749503968253965 0.5209986772486772 0.015128968253968252 0.027447089947089946
2 0.28720238095238093 0.5620039682539683 0.011904761904761904 0.011574074074074073
2 0.19990079365079363 0.5439814814814814 0.013888888888888888 0.013227513227513227
2 0.3934771825396825 0.3376322751322751 0.008680555555555556 0.011243386243386243
2 0.4775545634920635 0.3966600529100529 0.019593253968253968 0.03141534391534391
2 0.6312003968253967 0.35119047619047616 0.013888888888888888 0.02447089947089947
2 0.6199156746031745 0.45469576719576715 0.015128968253968252 0.02447089947089947
2 0.5142609126984127 0.49222883597883593 0.01066468253968254 0.018849206349206348
2 0.6139632936507936 0.5684523809523809 0.009672619047619048 0.015873015873015872
2 0.7423115079365079 0.6058201058201058 0.013888888888888888 0.015873015873015872
2 0.7864583333333333 0.548941798941799 0.011904761904761904 0.01455026455026455
2 0.7940228174603174 0.22982804232804233 0.022569444444444444 0.028439153439153438
2 0.9131944444444444 0.3161375661375661 0.019345238095238096 0.017195767195767195
2 0.49813988095238093 0.6732804232804233 0.022569444444444444 0.021164021164021163
2 0.326140873015873 0.3718584656084656 0.015376984126984126 0.026124338624338623
2 0.3483382936507936 0.3576388888888889 0.018601190476190476 0.0248015873015873
