2 0.4037422839506173 0.5985243055555555 0.06867283950617284 0.14785879629629628
2 0.20852623456790123 0.009837962962962962 0.04089506172839506 0.019675925925925923
2 0.14756944444444445 0.05425347222222222 0.019290123456790122 0.056423611111111105
2 0.02073688271604938 0.45934606481481477 0.04147376543209876 0.22019675925925924
2 0.016300154320987654 0.2624421296296296 0.031057098765432098 0.06770833333333333
2 0.5044367283950617 0.05989583333333333 0.03433641975308642 0.03530092592592592
2 0.8329475308641975 0.015625 0.02044753086419753 0.027199074074074073
2 0.8940007716049382 0.3203125 0.03761574074074074 0.022569444444444444
2 0.9363425925925926 0.2624421296296296 0.08564814814814814 0.10300925925925926
2 0.6223958333333333 0.7912326388888888 0.055748456790123455 0.08362268518518517
2 0.5484182098765432 0.6989293981481481 0.057870370370370364 0.06915509259259259
2 0.6549961419753086 0.3227719907407407 0.041859567901234566 0.024016203703703703
2 0.6812307098765432 0.2552083333333333 0.03645833333333333 0.037037037037037035
2 0.6004050925925926 0.5004340277777778 0.041859567901234566 0.04832175925925926
2 0.5570023148148148 0.5638020833333333 0.025655864197530864 0.040219907407407406
2 0.5108989197530864 0.5276331018518519 0.032214506172839504 0.044849537037037035
2 0.010513117283950617 0.17375578703703703 0.021026234567901234 0.03616898148148148
2 0.19357638888888887 0.15002893518518517 0.04070216049382716 0.0714699074074074
2 0.2378472222222222 0.13700810185185183 0.041666666666666664 0.06394675925925926
2 0.27073688271604934 0.09143518518518517 0.04263117283950617 0.07638888888888888
2 0.6885609567901234 0.5931712962962963 0.04147376543209876 0.0625
2 0.6871141975308641 0.654079861111111 0.038580246913580245 0.047164351851851846
2 0.7646604938271605 0.6176215277777778 0.057870370370370364 0.10214120370370369
2 0.6784336419753086 0.9405381944444444 0.017361111111111112 0.025752314814814815
2 0.9032600308641975 0.81640625 0.0792824074074074 0.10040509259259259
2 0.9368248456790123 0.9116030092592592 0.04070216049382716 0.08072916666666666
2 0.9571759259259258 0.8521412037037036 0.0466820987654321 0.09606481481481481
2 0.9185956790123456 0.7120949074074073 0.06095679012345678 0.10821759259259259
2 0.8402777777777777 0.6320891203703703 0.038580246913580245 0.07899305555555555
