2 0.37562003968253965 0.3707010582010582 0.02058531746031746 0.023148148148148147
2 0.4743303571428571 0.37218915343915343 0.015128968253968252 0.02017195767195767
2 0.6500496031746031 0.4584986772486772 0.012896825396825396 0.02017195767195767
2 0.5498511904761905 0.38657407407407407 0.0367063492063492 0.023148148148148147
2 0.5643601190476191 0.3333333333333333 0.01413690476190476 0.011243386243386243
2 0.505704365079365 0.43039021164021163 0.012896825396825396 0.02414021164021164
2 0.6727430555555555 0.36061507936507936 0.013144841269841268 0.011574074074074073
2 0.6624503968253967 0.5856481481481481 0.0183531746031746 0.021825396825396824
2 0.724454365079365 0.6466600529100529 0.012896825396825396 0.02017195767195767
2 0.5611359126984127 0.5282738095238095 0.01413690476190476 0.03009259259259259
2 0.48673115079365076 0.5259589947089947 0.01413690476190476 0.02017195767195767
2 0.7552083333333333 0.39087301587301587 0.013888888888888888 0.011243386243386243
2 0.5871775793650793 0.4098875661375661 0.018601190476190476 0.022156084656084655
2 0.699156746031746 0.39186507936507936 0.021825396825396824 0.01917989417989418
