2 0.8130787037037036 0.5894097222222222 0.02353395061728395 0.030671296296296294
2 0.6838348765432098 0.4678819444444444 0.011959876543209876 0.026041666666666664
2 0.6302083333333333 0.059606481481481476 0.011959876543209876 0.02546296296296296
2 0.4957561728395061 0.19444444444444442 0.016975308641975308 0.028935185185185182
2 0.5455246913580246 0.3828125 0.011574074074074073 0.01909722222222222
2 0.7764274691358024 0.3336226851851852 0.01273148148148148 0.017939814814814815
2 0.40412808641975306 0.28327546296296297 0.009645061728395061 0.022569444444444444
2 0.361304012345679 0.47193287037037035 0.009645061728395061 0.01099537037037037
2 0.11419753086419752 0.4942129629629629 0.013117283950617283 0.020833333333333332
2 0.020833333333333332 0.47106481481481477 0.010802469135802469 0.02546296296296296
2 0.1298225308641975 0.3761574074074074 0.02044753086419753 0.02546296296296296
2 0.17901234567901234 0.33391203703703703 0.020061728395061727 0.037037037037037035
2 0.4874614197530864 0.6397569444444444 0.01890432098765432 0.03530092592592592
2 0.5399305555555556 0.6183449074074073 0.016589506172839504 0.022569444444444444
2 0.5354938271604938 0.671875 0.010030864197530864 0.016203703703703703
2 0.42013888888888884 0.41811342592592593 0.010802469135802469 0.02835648148148148
2 0.12403549382716049 0.44762731481481477 0.008101851851851851 0.016782407407407406
2 0.5596064814814814 0.5124421296296297 0.022762345679012343 0.02372685185185185
2 0.5987654320987654 0.5633680555555555 0.011574074074074073 0.01909722222222222
2 0.56616512345679 0.6791087962962963 0.019675925925925923 0.01909722222222222
2 0.538966049382716 0.7294560185185185 0.013117283950617283 0.013310185185185185
2 0.5561342592592592 0.7132523148148148 0.011959876543209876 0.016782407407407406
2 0.6280864197530864 0.6079282407407407 0.020833333333333332 0.013310185185185185
2 0.626929012345679 0.5729166666666666 0.010802469135802469 0.011574074074074073
2 0.6473765432098765 0.6455439814814814 0.013888888888888888 0.017939814814814815
