2 0.15432098765432098 0.6727430555555555 0.02700617283950617 0.03993055555555555
2 0.24286265432098764 0.5821759259259259 0.03665123456790123 0.05439814814814815
2 0.4560185185185185 0.7549189814814814 0.03626543209876543 0.03993055555555555
2 0.5353009259259259 0.5940393518518519 0.025848765432098762 0.03414351851851852
2 0.5916280864197531 0.6487268518518519 0.028935185185185182 0.020833333333333332
2 0.7679398148148148 0.5708912037037037 0.0320216049382716 0.0318287037037037
2 0.6381172839506173 0.4661458333333333 0.010802469135802469 0.01909722222222222
2 0.5837191358024691 0.23090277777777776 0.038580246913580245 0.04050925925925926
2 0.517554012345679 0.25405092592592593 0.028935185185185182 0.028935185185185182
2 0.45023148148148145 0.38339120370370366 0.03317901234567901 0.03993055555555555
2 0.22839506172839505 0.33217592592592593 0.030864197530864196 0.0625
0 0.2228009259259259 0.4415509259259259 0.021219135802469133 0.028935185185185182
2 0.31925154320987653 0.3726851851851852 0.04050925925925926 0.0474537037037037
2 0.30439814814814814 0.42013888888888884 0.020833333333333332 0.032407407407407406
2 0.32870370370370366 0.4291087962962963 0.021604938271604937 0.03877314814814815
