2 0.4378858024691358 0.44126157407407407 0.013117283950617283 0.014467592592592591
2 0.5353009259259259 0.5153356481481481 0.006558641975308642 0.014467592592592591
2 0.5015432098765432 0.6898148148148148 0.011574074074074073 0.01273148148148148
2 0.6763117283950617 0.4013310185185185 0.011574074074074073 0.017939814814814815
2 0.6907793209876543 0.3466435185185185 0.01273148148148148 0.017361111111111112
2 0.15432098765432098 0.22685185185185183 0.007716049382716049 0.01273148148148148
2 0.019483024691358024 0.9661458333333333 0.02044753086419753 0.026041666666666664
3 0.31925154320987653 0.5818865740740741 0.1871141975308642 0.26446759259259256
3 0.43171296296296297 0.708912037037037 0.031635802469135804 0.07870370370370369
3 0.47550154320987653 0.5150462962962963 0.05054012345679012 0.06828703703703703
3 0.43460648148148145 0.5477430555555556 0.018132716049382713 0.029513888888888888
3 0.43653549382716045 0.37557870370370366 0.03742283950617284 0.059027777777777776
3 0.3732638888888889 0.39265046296296297 0.03973765432098765 0.04918981481481481
3 0.5939429012345678 0.3498263888888889 0.04359567901234568 0.04571759259259259
3 0.6537422839506173 0.5002893518518519 0.03047839506172839 0.03298611111111111
3 0.5794753086419753 0.5315393518518519 0.05015432098765432 0.08622685185185185
2 0.5335648148148148 0.5960648148148148 0.010030864197530864 0.013888888888888888
3 0.7550154320987654 0.5078125 0.023919753086419752 0.04108796296296296
3 0.7218364197530864 0.39728009259259256 0.042438271604938266 0.03993055555555555
3 0.6506558641975309 0.3237847222222222 0.03279320987654321 0.059606481481481476
