2 0.23900462962962962 0.4968171296296296 0.022762345679012343 0.03530092592592592
2 0.2995756172839506 0.5384837962962963 0.017361111111111112 0.022569444444444444
2 0.3011188271604938 0.4366319444444444 0.02044753086419753 0.030671296296296294
2 0.35918209876543206 0.08680555555555555 0.03317901234567901 0.05439814814814815
2 0.4571759259259259 0.40451388888888884 0.019290123456790122 0.046296296296296294
2 0.4185956790123457 0.587673611111111 0.021604938271604937 0.03993055555555555
2 0.5981867283950617 0.2936921296296296 0.02044753086419753 0.030671296296296294
2 0.6822916666666666 0.31278935185185186 0.03433641975308642 0.030671296296296294
2 0.7062114197530864 0.43113425925925924 0.011959876543209876 0.028935185185185182
2 0.6763117283950617 0.7219328703703703 0.022376543209876542 0.022569444444444444
2 0.2378472222222222 0.5367476851851851 0.01427469135802469 0.02025462962962963
2 0.26543209876543206 0.5896990740740741 0.015432098765432098 0.027777777777777776
2 0.46932870370370366 0.6519097222222222 0.02816358024691358 0.03645833333333333
2 0.5200617283950617 0.5350115740740741 0.014660493827160493 0.03414351851851852
2 0.6660879629629629 0.5714699074074073 0.011959876543209876 0.02372685185185185
